value,error
1.952130835632149441e+01,0.000000000000000000e+00
2.026897208823718444e+01,0.000000000000000000e+00
2.005993882853598365e+01,0.000000000000000000e+00
2.085324710815734051e+01,0.000000000000000000e+00
2.057427293735759477e+01,0.000000000000000000e+00
1.872718665231653645e+01,0.000000000000000000e+00
2.133962844505170153e+01,0.000000000000000000e+00
2.093123588912557764e+01,0.000000000000000000e+00
1.931818044111135890e+01,0.000000000000000000e+00
1.924471274817805266e+01,0.000000000000000000e+00
2.325614608422235108e+01,0.000000000000000000e+00
2.208188384135899085e+01,0.000000000000000000e+00
2.060333632685575722e+01,0.000000000000000000e+00
2.069178041610686236e+01,0.000000000000000000e+00
2.092808922802645455e+01,0.000000000000000000e+00
2.096956497156008226e+01,0.000000000000000000e+00
2.038763657932028650e+01,0.000000000000000000e+00
1.960528897112454416e+01,0.000000000000000000e+00
1.843463596322595066e+01,0.000000000000000000e+00
2.022354163198307475e+01,0.000000000000000000e+00
2.165966654306247818e+01,0.000000000000000000e+00
1.741554273839344091e+01,0.000000000000000000e+00
1.972092237077298904e+01,0.000000000000000000e+00
1.675625657879815122e+01,0.000000000000000000e+00
2.272538121260572197e+01,0.000000000000000000e+00
2.112573429701714645e+01,0.000000000000000000e+00
2.183267493679397475e+01,0.000000000000000000e+00
2.144374653313938239e+01,0.000000000000000000e+00
2.344644075839289599e+01,0.000000000000000000e+00
1.647282905330230562e+01,0.000000000000000000e+00
1.948431126400096858e+01,0.000000000000000000e+00
2.114647983365405537e+01,0.000000000000000000e+00
2.237551034086973800e+01,0.000000000000000000e+00
2.112188277611921450e+01,0.000000000000000000e+00
1.970024480025472613e+01,0.000000000000000000e+00
1.818917139873439126e+01,0.000000000000000000e+00
2.048190131499847766e+01,0.000000000000000000e+00
2.013446921842279735e+01,0.000000000000000000e+00
1.801425479437692090e+01,0.000000000000000000e+00
2.202832085343624868e+01,0.000000000000000000e+00
2.024984144526959184e+01,0.000000000000000000e+00
2.172231637963268724e+01,0.000000000000000000e+00
2.243493291788579924e+01,0.000000000000000000e+00
1.731833750834312013e+01,0.000000000000000000e+00
2.385349392093197096e+01,0.000000000000000000e+00
2.315912286260433106e+01,0.000000000000000000e+00
1.776670756204250878e+01,0.000000000000000000e+00
2.337893469864716067e+01,0.000000000000000000e+00
2.099031781791175888e+01,0.000000000000000000e+00
1.720463923684694407e+01,0.000000000000000000e+00
1.789877602732600437e+01,0.000000000000000000e+00
2.046672841337764481e+01,0.000000000000000000e+00
2.063679886278288578e+01,0.000000000000000000e+00
2.140003200544217066e+01,0.000000000000000000e+00
2.249686240319297070e+01,0.000000000000000000e+00
1.824571743988866501e+01,0.000000000000000000e+00
2.312992667688006776e+01,0.000000000000000000e+00
1.985855641238640246e+01,0.000000000000000000e+00
1.997319496224170265e+01,0.000000000000000000e+00
1.949585702459258840e+01,0.000000000000000000e+00
1.982173775257576054e+01,0.000000000000000000e+00
1.813355973782963915e+01,0.000000000000000000e+00
2.000653805059560497e+01,0.000000000000000000e+00
1.837259291573457887e+01,0.000000000000000000e+00
2.006998564951219777e+01,0.000000000000000000e+00
1.907218804729583184e+01,0.000000000000000000e+00
1.992878679097708527e+01,0.000000000000000000e+00
1.923880945599918135e+01,0.000000000000000000e+00
2.292485466754907009e+01,0.000000000000000000e+00
1.861854410143153160e+01,0.000000000000000000e+00
1.993097990913952700e+01,0.000000000000000000e+00
1.999489835274227545e+01,0.000000000000000000e+00
1.969050044172665537e+01,0.000000000000000000e+00
1.827773630401343041e+01,0.000000000000000000e+00
2.128226866809231765e+01,0.000000000000000000e+00
1.778804750653389277e+01,0.000000000000000000e+00
1.982864434425149369e+01,0.000000000000000000e+00
1.680409624437069027e+01,0.000000000000000000e+00
1.772514249519032603e+01,0.000000000000000000e+00
2.047959723026452750e+01,0.000000000000000000e+00
2.271270482461902418e+01,0.000000000000000000e+00
1.911995923156534616e+01,0.000000000000000000e+00
1.628344029815503191e+01,0.000000000000000000e+00
2.318859234006519543e+01,0.000000000000000000e+00
1.881108556621518701e+01,0.000000000000000000e+00
1.734384953832983101e+01,0.000000000000000000e+00
2.162668331994125026e+01,0.000000000000000000e+00
1.934873007982249149e+01,0.000000000000000000e+00
1.861042418282023903e+01,0.000000000000000000e+00
2.075801985199582234e+01,0.000000000000000000e+00
1.727263656153270688e+01,0.000000000000000000e+00
2.202235633351360633e+01,0.000000000000000000e+00
2.158362592663733537e+01,0.000000000000000000e+00
2.059195780161144285e+01,0.000000000000000000e+00
2.127630752648192924e+01,0.000000000000000000e+00
1.905223881302404010e+01,0.000000000000000000e+00
1.858820548217014235e+01,0.000000000000000000e+00
2.410636842109680344e+01,0.000000000000000000e+00
1.923760197325447407e+01,0.000000000000000000e+00
2.083636605074022796e+01,0.000000000000000000e+00
2.047909540937829576e+01,0.000000000000000000e+00
2.026492353248057299e+01,0.000000000000000000e+00
2.029067454198632703e+01,0.000000000000000000e+00
2.335072102330394728e+01,0.000000000000000000e+00
1.837261984303831142e+01,0.000000000000000000e+00
1.498934500497430911e+01,0.000000000000000000e+00
1.989899826697119423e+01,0.000000000000000000e+00
2.000435422472177294e+01,0.000000000000000000e+00
6.669870958672149186e+01,0.000000000000000000e+00
6.993603535784899350e+01,0.000000000000000000e+00
6.987337735691204443e+01,0.000000000000000000e+00
6.526366318036588154e+01,0.000000000000000000e+00
6.731605414120483033e+01,0.000000000000000000e+00
6.555748363025681158e+01,0.000000000000000000e+00
6.962278864229071473e+01,0.000000000000000000e+00
6.643611024556231825e+01,0.000000000000000000e+00
6.716400284773655471e+01,0.000000000000000000e+00
7.015680824272722305e+01,0.000000000000000000e+00
6.489549797008587007e+01,0.000000000000000000e+00
6.849357412166119730e+01,0.000000000000000000e+00
7.867470793960276865e+01,0.000000000000000000e+00
7.764017340861364858e+01,0.000000000000000000e+00
7.817164472566282996e+01,0.000000000000000000e+00
7.818233612534619681e+01,0.000000000000000000e+00
7.498829175019024262e+01,0.000000000000000000e+00
7.885642133509631435e+01,0.000000000000000000e+00
8.197039347600764359e+01,0.000000000000000000e+00
7.915395890624336062e+01,0.000000000000000000e+00
7.503465668291940460e+01,0.000000000000000000e+00
7.483600704555770733e+01,0.000000000000000000e+00
7.784493820343158177e+01,0.000000000000000000e+00
7.683751368774589707e+01,0.000000000000000000e+00
7.975659270430766412e+01,0.000000000000000000e+00
7.885683172119664164e+01,0.000000000000000000e+00
7.709508362282039684e+01,0.000000000000000000e+00
7.884690643505111041e+01,0.000000000000000000e+00
7.736411910018834703e+01,0.000000000000000000e+00
7.947033183416762370e+01,0.000000000000000000e+00
7.985402063076561774e+01,0.000000000000000000e+00
7.590239012803741048e+01,0.000000000000000000e+00
7.889114819570723114e+01,0.000000000000000000e+00
8.171099418792626068e+01,0.000000000000000000e+00
7.684176905138407676e+01,0.000000000000000000e+00
7.700479822598938995e+01,0.000000000000000000e+00
8.027139893448132568e+01,0.000000000000000000e+00
8.042680619003203901e+01,0.000000000000000000e+00
7.989845185953973328e+01,0.000000000000000000e+00
8.079566311813222512e+01,0.000000000000000000e+00
7.868484899533106613e+01,0.000000000000000000e+00
7.774954274308474567e+01,0.000000000000000000e+00
8.198029910695952083e+01,0.000000000000000000e+00
8.185671784383345084e+01,0.000000000000000000e+00
7.846603530509901248e+01,0.000000000000000000e+00
8.341165281705214340e+01,0.000000000000000000e+00
7.696569480647217176e+01,0.000000000000000000e+00
8.242141125054776296e+01,0.000000000000000000e+00
7.983353223072796823e+01,0.000000000000000000e+00
8.008385477318842049e+01,0.000000000000000000e+00
8.137407588877957210e+01,0.000000000000000000e+00
8.313304088609793041e+01,0.000000000000000000e+00
7.830793144736054501e+01,0.000000000000000000e+00
7.933583070375649982e+01,0.000000000000000000e+00
7.673387019484202654e+01,0.000000000000000000e+00
7.805974571909320048e+01,0.000000000000000000e+00
7.874795357371988302e+01,0.000000000000000000e+00
7.543829169215113950e+01,0.000000000000000000e+00
8.188819168593580855e+01,0.000000000000000000e+00
8.443548770808249060e+01,0.000000000000000000e+00
8.348744540268236847e+01,0.000000000000000000e+00
7.900335293310426721e+01,0.000000000000000000e+00
8.024320169630172472e+01,0.000000000000000000e+00
8.170792277403458570e+01,0.000000000000000000e+00
8.084904758280620740e+01,0.000000000000000000e+00
7.759927154124403614e+01,0.000000000000000000e+00
7.810410980273842085e+01,0.000000000000000000e+00
8.031509866354245730e+01,0.000000000000000000e+00
7.973229509688025018e+01,0.000000000000000000e+00
7.759301567105654840e+01,0.000000000000000000e+00
8.045466692073738102e+01,0.000000000000000000e+00
8.224662749990251598e+01,0.000000000000000000e+00
8.231025108988717420e+01,0.000000000000000000e+00
7.991780154249356372e+01,0.000000000000000000e+00
7.873986048069161825e+01,0.000000000000000000e+00
8.391050596162615705e+01,0.000000000000000000e+00
7.618546553313608172e+01,0.000000000000000000e+00
7.451560674366409387e+01,0.000000000000000000e+00
7.554530859042374402e+01,0.000000000000000000e+00
8.234676079395602244e+01,0.000000000000000000e+00
7.576248194791192248e+01,0.000000000000000000e+00
7.809404504370068878e+01,0.000000000000000000e+00
8.386507931606566046e+01,0.000000000000000000e+00
7.931699067594291819e+01,0.000000000000000000e+00
8.168413832481638792e+01,0.000000000000000000e+00
8.037805094533349859e+01,0.000000000000000000e+00
8.010674138055621540e+01,0.000000000000000000e+00
7.899088956918436111e+01,0.000000000000000000e+00
7.941537866263843171e+01,0.000000000000000000e+00
7.986224404454834769e+01,0.000000000000000000e+00
7.628165330318356041e+01,0.000000000000000000e+00
8.158101509898003201e+01,0.000000000000000000e+00
8.112987483197969141e+01,0.000000000000000000e+00
7.889877836774252273e+01,0.000000000000000000e+00
8.340135865988810338e+01,0.000000000000000000e+00
8.012920015691928199e+01,0.000000000000000000e+00
8.324005185119469274e+01,0.000000000000000000e+00
7.879217062385743020e+01,0.000000000000000000e+00
8.221972159637280697e+01,0.000000000000000000e+00
7.912123802938025108e+01,0.000000000000000000e+00
7.826350911162391810e+01,0.000000000000000000e+00
7.649848586120413074e+01,0.000000000000000000e+00
8.054796515111098643e+01,0.000000000000000000e+00
8.222247139808681027e+01,0.000000000000000000e+00
8.218210399937483146e+01,0.000000000000000000e+00
7.848857516369756127e+01,0.000000000000000000e+00
8.052395015854339988e+01,0.000000000000000000e+00
8.069495641175581113e+01,0.000000000000000000e+00
3.468896354850139119e+01,0.000000000000000000e+00
3.286270615213138058e+01,0.000000000000000000e+00
3.016006460899447106e+01,0.000000000000000000e+00
3.207464165018823365e+01,0.000000000000000000e+00
3.300611839563792671e+01,0.000000000000000000e+00
3.181189939545462764e+01,0.000000000000000000e+00
3.482407034047493255e+01,0.000000000000000000e+00
3.102468989564657775e+01,0.000000000000000000e+00
3.251501155600983139e+01,0.000000000000000000e+00
3.324224003306720476e+01,0.000000000000000000e+00
3.145127418257024488e+01,0.000000000000000000e+00
2.750060040831458252e+01,0.000000000000000000e+00
2.115934547124724929e+01,0.000000000000000000e+00
2.072326332278016991e+01,0.000000000000000000e+00
2.167356527499978824e+01,0.000000000000000000e+00
2.324350110358696497e+01,0.000000000000000000e+00
1.968286341024298380e+01,0.000000000000000000e+00
2.166183337678138443e+01,0.000000000000000000e+00
2.282202790091049494e+01,0.000000000000000000e+00
1.661193543823240404e+01,0.000000000000000000e+00
2.171992897790828181e+01,0.000000000000000000e+00
2.097156351983336364e+01,0.000000000000000000e+00
2.156709439069729228e+01,0.000000000000000000e+00
1.770427132291231587e+01,0.000000000000000000e+00
2.139481092270717966e+01,0.000000000000000000e+00
2.037620283998541382e+01,0.000000000000000000e+00
2.378876620394288111e+01,0.000000000000000000e+00
1.957625124457677757e+01,0.000000000000000000e+00
1.745175531176698414e+01,0.000000000000000000e+00
2.127562069077796281e+01,0.000000000000000000e+00
2.047516767941265314e+01,0.000000000000000000e+00
2.072659012041799187e+01,0.000000000000000000e+00
2.355914410176838913e+01,0.000000000000000000e+00
2.012632157769388286e+01,0.000000000000000000e+00
1.944740620419358734e+01,0.000000000000000000e+00
1.777604184259872966e+01,0.000000000000000000e+00
1.989753184317372714e+01,0.000000000000000000e+00
1.818522994760471789e+01,0.000000000000000000e+00
1.701856691412453060e+01,0.000000000000000000e+00
2.097718692911956140e+01,0.000000000000000000e+00
2.266765563583344090e+01,0.000000000000000000e+00
2.441225087180045961e+01,0.000000000000000000e+00
1.922360594141245471e+01,0.000000000000000000e+00
2.083434109775014065e+01,0.000000000000000000e+00
2.182989172884557760e+01,0.000000000000000000e+00
1.904110756790418080e+01,0.000000000000000000e+00
1.841151168996231746e+01,0.000000000000000000e+00
2.348035541510738611e+01,0.000000000000000000e+00
2.577070984278297416e+01,0.000000000000000000e+00
2.053956905920923148e+01,0.000000000000000000e+00
2.186472954314163175e+01,0.000000000000000000e+00
2.375525415975317856e+01,0.000000000000000000e+00
1.700128222208850914e+01,0.000000000000000000e+00
2.161881104437759049e+01,0.000000000000000000e+00
2.096472327276758207e+01,0.000000000000000000e+00
2.128231827296691492e+01,0.000000000000000000e+00
2.300409373283881109e+01,0.000000000000000000e+00
2.399301254920206006e+01,0.000000000000000000e+00
1.921311148918169209e+01,0.000000000000000000e+00
2.087661644561009666e+01,0.000000000000000000e+00
1.729436478508490183e+01,0.000000000000000000e+00
1.986169595019181600e+01,0.000000000000000000e+00
1.997576827860071447e+01,0.000000000000000000e+00
1.951755043442892656e+01,0.000000000000000000e+00
1.743581330146184882e+01,0.000000000000000000e+00
2.014648645264002269e+01,0.000000000000000000e+00
2.123567467187797675e+01,0.000000000000000000e+00
1.880927218798841594e+01,0.000000000000000000e+00
2.028658984984080149e+01,0.000000000000000000e+00
2.002110347827117209e+01,0.000000000000000000e+00
2.386921511795346618e+01,0.000000000000000000e+00
1.723607350658039650e+01,0.000000000000000000e+00
2.181793012901866291e+01,0.000000000000000000e+00
1.800463942998256428e+01,0.000000000000000000e+00
1.819329138205075225e+01,0.000000000000000000e+00
1.915444418731382470e+01,0.000000000000000000e+00
2.059710848371509684e+01,0.000000000000000000e+00
2.425536012636602834e+01,0.000000000000000000e+00
2.250798949908988078e+01,0.000000000000000000e+00
2.377613190247383201e+01,0.000000000000000000e+00
1.892607520462400927e+01,0.000000000000000000e+00
1.704901950440223857e+01,0.000000000000000000e+00
2.114704463535534273e+01,0.000000000000000000e+00
1.970473447668854305e+01,0.000000000000000000e+00
1.960445627920399048e+01,0.000000000000000000e+00
2.446075618622981551e+01,0.000000000000000000e+00
2.072050563227478293e+01,0.000000000000000000e+00
1.876483122588310337e+01,0.000000000000000000e+00
1.745867663106876222e+01,0.000000000000000000e+00
1.919970316474124417e+01,0.000000000000000000e+00
2.326900183539439482e+01,0.000000000000000000e+00
1.783983417145566719e+01,0.000000000000000000e+00
2.205921009125390597e+01,0.000000000000000000e+00
1.807744383458952342e+01,0.000000000000000000e+00
1.784988952289839048e+01,0.000000000000000000e+00
1.976328700083021417e+01,0.000000000000000000e+00
2.030110456926404439e+01,0.000000000000000000e+00
1.932674434916623341e+01,0.000000000000000000e+00
2.214125656357521166e+01,0.000000000000000000e+00
2.069466858563706424e+01,0.000000000000000000e+00
1.904863163703372564e+01,0.000000000000000000e+00
2.368768513853578384e+01,0.000000000000000000e+00
1.858392014983996177e+01,0.000000000000000000e+00
2.112234370111038828e+01,0.000000000000000000e+00
1.807656317292586579e+01,0.000000000000000000e+00
1.996745882544628614e+01,0.000000000000000000e+00
1.700163370914448535e+01,0.000000000000000000e+00
2.029936698624784697e+01,0.000000000000000000e+00
1.974462112326560970e+01,0.000000000000000000e+00
2.040778350104524819e+01,0.000000000000000000e+00
2.146138393386874554e+01,0.000000000000000000e+00
1.713903177681554624e+01,0.000000000000000000e+00
1.899822034022476913e+01,0.000000000000000000e+00
1.999747684606827391e+01,0.000000000000000000e+00
1.856619426660781258e+01,0.000000000000000000e+00
2.155975982648429579e+01,0.000000000000000000e+00
2.010256139793613528e+01,0.000000000000000000e+00
1.930792311250612414e+01,0.000000000000000000e+00
1.924564172103967863e+01,0.000000000000000000e+00
2.314130956527611716e+01,0.000000000000000000e+00
2.094155594949885923e+01,0.000000000000000000e+00
1.832406618719561209e+01,0.000000000000000000e+00
2.063179027218903272e+01,0.000000000000000000e+00
1.775767158227057152e+01,0.000000000000000000e+00
1.919826567573305454e+01,0.000000000000000000e+00
1.927268045422107789e+01,0.000000000000000000e+00
1.875288279373808464e+01,0.000000000000000000e+00
2.128162664578418628e+01,0.000000000000000000e+00
1.939991854856458531e+01,0.000000000000000000e+00
1.779763279043350366e+01,0.000000000000000000e+00
1.846277257789675730e+01,0.000000000000000000e+00
1.569063383159697622e+01,0.000000000000000000e+00
2.198223708738843385e+01,0.000000000000000000e+00
2.106540784372228359e+01,0.000000000000000000e+00
2.011120224992374972e+01,0.000000000000000000e+00
1.964020003803244308e+01,0.000000000000000000e+00
2.058005379340353258e+01,0.000000000000000000e+00
2.127270571369293961e+01,0.000000000000000000e+00
1.987835252605515990e+01,0.000000000000000000e+00
2.161592884698832151e+01,0.000000000000000000e+00
2.052541832233484698e+01,0.000000000000000000e+00
2.030374365297513606e+01,0.000000000000000000e+00
1.762278664844477660e+01,0.000000000000000000e+00
2.110047606441651880e+01,0.000000000000000000e+00
2.029710503273056332e+01,0.000000000000000000e+00
2.061690258035773127e+01,0.000000000000000000e+00
2.288169352728343497e+01,0.000000000000000000e+00
2.369875406567156162e+01,0.000000000000000000e+00
2.362164566002955368e+01,0.000000000000000000e+00
1.912763228026078011e+01,0.000000000000000000e+00
2.035318855212041100e+01,0.000000000000000000e+00
1.728877960912527811e+01,0.000000000000000000e+00
2.302522368185082513e+01,0.000000000000000000e+00
1.454985181774033087e+01,0.000000000000000000e+00
2.172530679575761070e+01,0.000000000000000000e+00
1.893337691250022203e+01,0.000000000000000000e+00
1.971477449252433445e+01,0.000000000000000000e+00
1.841436880820673849e+01,0.000000000000000000e+00
1.954540646303431828e+01,0.000000000000000000e+00
1.898514108498675768e+01,0.000000000000000000e+00
1.784920778489467352e+01,0.000000000000000000e+00
2.202339555295771945e+01,0.000000000000000000e+00
2.151209207967593073e+01,0.000000000000000000e+00
2.041413011000657818e+01,0.000000000000000000e+00
2.082184117976441939e+01,0.000000000000000000e+00
2.022315717071550978e+01,0.000000000000000000e+00
1.878242825967578256e+01,0.000000000000000000e+00
2.113602845688157572e+01,0.000000000000000000e+00
1.818968977838579093e+01,0.000000000000000000e+00
1.725600702228497596e+01,0.000000000000000000e+00
1.843766187624910557e+01,0.000000000000000000e+00
2.365414622995299965e+01,0.000000000000000000e+00
1.846067929040592759e+01,0.000000000000000000e+00
1.909430040759301406e+01,0.000000000000000000e+00
1.999168316422941771e+01,0.000000000000000000e+00
1.709246447765581323e+01,0.000000000000000000e+00
1.928973961835390583e+01,0.000000000000000000e+00
1.908121834740196121e+01,0.000000000000000000e+00
2.145613338216404031e+01,0.000000000000000000e+00
1.859144109768866571e+01,0.000000000000000000e+00
6.752768868633711463e+01,0.000000000000000000e+00
6.951311300898035483e+01,0.000000000000000000e+00
6.828920991731183676e+01,0.000000000000000000e+00
6.795755590405818225e+01,0.000000000000000000e+00
7.129101701847780248e+01,0.000000000000000000e+00
6.509674417247897793e+01,0.000000000000000000e+00
6.680018988614419584e+01,0.000000000000000000e+00
6.777018952292110043e+01,0.000000000000000000e+00
6.903822728388911401e+01,0.000000000000000000e+00
7.100927519767911633e+01,0.000000000000000000e+00
6.425328387621290460e+01,0.000000000000000000e+00
6.791595789132782102e+01,0.000000000000000000e+00
7.980365312961748714e+01,0.000000000000000000e+00
8.201574693329020249e+01,0.000000000000000000e+00
7.941335185058676416e+01,0.000000000000000000e+00
7.727693952588531090e+01,0.000000000000000000e+00
7.679854213978805433e+01,0.000000000000000000e+00
7.788714556363693475e+01,0.000000000000000000e+00
7.880480464373545146e+01,0.000000000000000000e+00
7.588194626823907640e+01,0.000000000000000000e+00
7.765821466040769394e+01,0.000000000000000000e+00
7.902985474046523962e+01,0.000000000000000000e+00
7.532817247779645697e+01,0.000000000000000000e+00
7.705352634997201733e+01,0.000000000000000000e+00
7.797646481113625327e+01,0.000000000000000000e+00
8.044646825766599818e+01,0.000000000000000000e+00
8.005337258039240567e+01,0.000000000000000000e+00
7.733429165151704865e+01,0.000000000000000000e+00
7.886132477484321157e+01,0.000000000000000000e+00
7.653468731549094173e+01,0.000000000000000000e+00
7.550915625820809396e+01,0.000000000000000000e+00
7.830801445832314300e+01,0.000000000000000000e+00
8.058032942174085633e+01,0.000000000000000000e+00
7.946401231623522676e+01,0.000000000000000000e+00
7.994168305729424162e+01,0.000000000000000000e+00
8.408343644988426036e+01,0.000000000000000000e+00
7.893056919403665006e+01,0.000000000000000000e+00
8.025299099567970984e+01,0.000000000000000000e+00
8.365868321125206819e+01,0.000000000000000000e+00
7.911292676548445968e+01,0.000000000000000000e+00
8.222102404282593113e+01,0.000000000000000000e+00
7.607804802941356570e+01,0.000000000000000000e+00
7.937954423243002111e+01,0.000000000000000000e+00
7.691487776395126730e+01,0.000000000000000000e+00
8.015538151143374535e+01,0.000000000000000000e+00
7.704792791995993184e+01,0.000000000000000000e+00
8.069259586931995898e+01,0.000000000000000000e+00
7.678324427321548740e+01,0.000000000000000000e+00
7.876224866823744719e+01,0.000000000000000000e+00
7.899923883080023757e+01,0.000000000000000000e+00
7.733302086173070222e+01,0.000000000000000000e+00
7.940528713791867688e+01,0.000000000000000000e+00
8.254008125957875563e+01,0.000000000000000000e+00
8.074950533292449961e+01,0.000000000000000000e+00
7.942773779132451750e+01,0.000000000000000000e+00
7.605910996066937457e+01,0.000000000000000000e+00
8.380897429568167922e+01,0.000000000000000000e+00
7.998627896750895161e+01,0.000000000000000000e+00
7.958074535559742912e+01,0.000000000000000000e+00
8.157802731736188662e+01,0.000000000000000000e+00
7.964490984184232047e+01,0.000000000000000000e+00
7.973695461977392540e+01,0.000000000000000000e+00
8.266050297206028574e+01,0.000000000000000000e+00
7.947977700114319077e+01,0.000000000000000000e+00
8.054374902464556385e+01,0.000000000000000000e+00
7.956068154470862908e+01,0.000000000000000000e+00
7.955030715021612764e+01,0.000000000000000000e+00
7.802068661972822383e+01,0.000000000000000000e+00
8.533885699069381303e+01,0.000000000000000000e+00
7.798254484004789333e+01,0.000000000000000000e+00
7.945035872286557321e+01,0.000000000000000000e+00
7.721614591595940169e+01,0.000000000000000000e+00
8.239629166119281933e+01,0.000000000000000000e+00
7.792386029064040542e+01,0.000000000000000000e+00
7.903259136432049559e+01,0.000000000000000000e+00
8.239953291687038472e+01,0.000000000000000000e+00
8.223382874645402296e+01,0.000000000000000000e+00
8.088633071212429115e+01,0.000000000000000000e+00
8.083816005886274070e+01,0.000000000000000000e+00
7.927028438025267576e+01,0.000000000000000000e+00
8.457276137405239069e+01,0.000000000000000000e+00
8.306852072646032070e+01,0.000000000000000000e+00
8.007814033135466047e+01,0.000000000000000000e+00
7.925770562505933015e+01,0.000000000000000000e+00
7.912449869148488801e+01,0.000000000000000000e+00
7.829317446961344729e+01,0.000000000000000000e+00
8.041586418645836432e+01,0.000000000000000000e+00
8.300536667221422249e+01,0.000000000000000000e+00
8.005558769299597088e+01,0.000000000000000000e+00
8.024032202476871589e+01,0.000000000000000000e+00
7.597999602660095775e+01,0.000000000000000000e+00
7.782437690322110768e+01,0.000000000000000000e+00
8.158961544094333362e+01,0.000000000000000000e+00
8.127781254472390060e+01,0.000000000000000000e+00
8.255903246189669176e+01,0.000000000000000000e+00
7.794135859463993654e+01,0.000000000000000000e+00
7.845140076271079010e+01,0.000000000000000000e+00
7.920746555829371971e+01,0.000000000000000000e+00
7.742683193833067889e+01,0.000000000000000000e+00
7.509430502094637916e+01,0.000000000000000000e+00
8.142583658611559372e+01,0.000000000000000000e+00
8.074278356035742377e+01,0.000000000000000000e+00
7.851517551601541811e+01,0.000000000000000000e+00
8.042229452436235704e+01,0.000000000000000000e+00
8.147730034914820862e+01,0.000000000000000000e+00
7.877901218304113229e+01,0.000000000000000000e+00
8.076503414136539050e+01,0.000000000000000000e+00
8.067223616860336222e+01,0.000000000000000000e+00
3.288541818502785219e+01,0.000000000000000000e+00
3.203405698162937654e+01,0.000000000000000000e+00
2.986064269801021354e+01,0.000000000000000000e+00
2.881070377520230252e+01,0.000000000000000000e+00
3.494213459820964118e+01,0.000000000000000000e+00
3.322446879789406182e+01,0.000000000000000000e+00
3.036795665677085410e+01,0.000000000000000000e+00
2.878574828642164007e+01,0.000000000000000000e+00
3.140619154563497162e+01,0.000000000000000000e+00
3.584045012341044867e+01,0.000000000000000000e+00
3.301686926365417207e+01,0.000000000000000000e+00
3.404148730012401813e+01,0.000000000000000000e+00
2.034039117860921664e+01,0.000000000000000000e+00
2.280668049301253930e+01,0.000000000000000000e+00
2.502804357007847358e+01,0.000000000000000000e+00
1.903951734118763639e+01,0.000000000000000000e+00
2.139847030568875397e+01,0.000000000000000000e+00
2.232112306836519977e+01,0.000000000000000000e+00
2.517021480893872720e+01,0.000000000000000000e+00
2.466164227033955925e+01,0.000000000000000000e+00
2.309766542810481482e+01,0.000000000000000000e+00
2.105558500047512283e+01,0.000000000000000000e+00
2.299604960575007695e+01,0.000000000000000000e+00
2.234664785079649718e+01,0.000000000000000000e+00
1.877720534371776395e+01,0.000000000000000000e+00
1.719078343168683887e+01,0.000000000000000000e+00
1.797187145402361708e+01,0.000000000000000000e+00
2.183238900979264940e+01,0.000000000000000000e+00
1.719533463768509307e+01,0.000000000000000000e+00
2.107706384438025893e+01,0.000000000000000000e+00
1.785271907769283573e+01,0.000000000000000000e+00
1.676551953191762934e+01,0.000000000000000000e+00
1.677768816835274990e+01,0.000000000000000000e+00
2.358989675499571348e+01,0.000000000000000000e+00
2.120741641158276636e+01,0.000000000000000000e+00
1.942071641521960856e+01,0.000000000000000000e+00
2.055072833344789984e+01,0.000000000000000000e+00
1.477421816261496446e+01,0.000000000000000000e+00
1.774635385724713643e+01,0.000000000000000000e+00
2.002647329859222936e+01,0.000000000000000000e+00
1.673462235477809656e+01,0.000000000000000000e+00
2.023913904537586106e+01,0.000000000000000000e+00
2.245131635907839396e+01,0.000000000000000000e+00
2.035684281096587256e+01,0.000000000000000000e+00
1.707439091647573903e+01,0.000000000000000000e+00
1.797501914007222013e+01,0.000000000000000000e+00
1.996923006638488474e+01,0.000000000000000000e+00
2.253516919542493824e+01,0.000000000000000000e+00
2.250070993107248185e+01,0.000000000000000000e+00
1.803669542521379654e+01,0.000000000000000000e+00
2.109640692418096819e+01,0.000000000000000000e+00
1.912176794375531230e+01,0.000000000000000000e+00
2.418177964882427489e+01,0.000000000000000000e+00
1.738474139276640784e+01,0.000000000000000000e+00
2.009628303408942074e+01,0.000000000000000000e+00
2.281965627029973476e+01,0.000000000000000000e+00
2.044779778757344246e+01,0.000000000000000000e+00
2.114252488377346495e+01,0.000000000000000000e+00
2.067662219460888551e+01,0.000000000000000000e+00
2.060533298037934102e+01,0.000000000000000000e+00
1.751962679699555991e+01,0.000000000000000000e+00
1.990342409007928381e+01,0.000000000000000000e+00
1.636260053778311629e+01,0.000000000000000000e+00
2.018383780527154414e+01,0.000000000000000000e+00
2.128347122896621357e+01,0.000000000000000000e+00
2.125638038143120312e+01,0.000000000000000000e+00
2.069986385380406091e+01,0.000000000000000000e+00
2.154246398044446309e+01,0.000000000000000000e+00
2.002908287389559305e+01,0.000000000000000000e+00
1.927327232816882230e+01,0.000000000000000000e+00
2.186370048013957756e+01,0.000000000000000000e+00
2.333035586238723269e+01,0.000000000000000000e+00
1.824586142388691812e+01,0.000000000000000000e+00
1.684178111011327417e+01,0.000000000000000000e+00
1.781159485550460886e+01,0.000000000000000000e+00
1.950361182500175516e+01,0.000000000000000000e+00
1.656439834668064393e+01,0.000000000000000000e+00
2.205720549838941480e+01,0.000000000000000000e+00
2.034861939860678959e+01,0.000000000000000000e+00
1.984159324665080248e+01,0.000000000000000000e+00
1.980025265233101095e+01,0.000000000000000000e+00
1.594116971877329192e+01,0.000000000000000000e+00
1.970562420169331119e+01,0.000000000000000000e+00
1.975162874199079965e+01,0.000000000000000000e+00
2.047911695016428979e+01,0.000000000000000000e+00
2.099947851059443948e+01,0.000000000000000000e+00
1.715082325621762749e+01,0.000000000000000000e+00
1.630192577162602063e+01,0.000000000000000000e+00
1.962487570412578819e+01,0.000000000000000000e+00
1.848656067926702207e+01,0.000000000000000000e+00
2.545561618999588660e+01,0.000000000000000000e+00
2.227367119747784585e+01,0.000000000000000000e+00
2.110049581681398223e+01,0.000000000000000000e+00
1.651825326999192356e+01,0.000000000000000000e+00
2.056043561372627693e+01,0.000000000000000000e+00
2.100879786665915461e+01,0.000000000000000000e+00
1.983107271422033691e+01,0.000000000000000000e+00
1.965840213267171777e+01,0.000000000000000000e+00
1.853413736581708804e+01,0.000000000000000000e+00
1.888380693151023237e+01,0.000000000000000000e+00
2.010361500645461064e+01,0.000000000000000000e+00
1.741117806738830609e+01,0.000000000000000000e+00
2.073133234522189383e+01,0.000000000000000000e+00
1.963187585639271759e+01,0.000000000000000000e+00
1.929481256537726352e+01,0.000000000000000000e+00
2.185672949663588938e+01,0.000000000000000000e+00
1.622492116878826707e+01,0.000000000000000000e+00
1.891169005175404294e+01,0.000000000000000000e+00
2.271463132478976377e+01,0.000000000000000000e+00
2.323380079192557801e+01,0.000000000000000000e+00
2.312352979311293666e+01,0.000000000000000000e+00
1.856145464857583605e+01,0.000000000000000000e+00
2.524635480577282820e+01,0.000000000000000000e+00
2.011790554733700276e+01,0.000000000000000000e+00
1.894919336591658166e+01,0.000000000000000000e+00
1.961976013368641247e+01,0.000000000000000000e+00
1.953817249864435368e+01,0.000000000000000000e+00
2.056786751820968107e+01,0.000000000000000000e+00
2.062671263226112472e+01,0.000000000000000000e+00
2.117230755522312791e+01,0.000000000000000000e+00
2.257806781833862431e+01,0.000000000000000000e+00
2.378610708029191301e+01,0.000000000000000000e+00
1.749861531504717860e+01,0.000000000000000000e+00
1.605465596489985103e+01,0.000000000000000000e+00
2.174258356960735483e+01,0.000000000000000000e+00
2.041468360517563596e+01,0.000000000000000000e+00
2.127356399177983448e+01,0.000000000000000000e+00
2.288056678638274732e+01,0.000000000000000000e+00
2.243158909777152843e+01,0.000000000000000000e+00
1.920042375324334216e+01,0.000000000000000000e+00
2.426814881157240222e+01,0.000000000000000000e+00
2.009728379575839696e+01,0.000000000000000000e+00
1.967963954214447497e+01,0.000000000000000000e+00
1.764713059223043601e+01,0.000000000000000000e+00
1.727360459875198728e+01,0.000000000000000000e+00
2.116917308398318909e+01,0.000000000000000000e+00
1.992228409796497957e+01,0.000000000000000000e+00
1.861057968305483357e+01,0.000000000000000000e+00
2.176134821691870513e+01,0.000000000000000000e+00
1.678339892631330699e+01,0.000000000000000000e+00
1.990249029619230114e+01,0.000000000000000000e+00
2.041799729100311822e+01,0.000000000000000000e+00
2.448882646359955473e+01,0.000000000000000000e+00
1.746725166849881106e+01,0.000000000000000000e+00
1.933668869785071820e+01,0.000000000000000000e+00
1.887524779844852318e+01,0.000000000000000000e+00
2.379606657011902726e+01,0.000000000000000000e+00
2.122750121797500356e+01,0.000000000000000000e+00
2.091418230017482571e+01,0.000000000000000000e+00
1.737713397693424966e+01,0.000000000000000000e+00
2.438119065438377930e+01,0.000000000000000000e+00
1.845255687099357900e+01,0.000000000000000000e+00
1.963589072076105069e+01,0.000000000000000000e+00
2.028002437536843061e+01,0.000000000000000000e+00
2.190108297485212319e+01,0.000000000000000000e+00
1.843995358973669596e+01,0.000000000000000000e+00
2.099740365555119226e+01,0.000000000000000000e+00
2.103686918441839993e+01,0.000000000000000000e+00
2.042215229470382098e+01,0.000000000000000000e+00
1.691409810697536287e+01,0.000000000000000000e+00
2.023676899664057061e+01,0.000000000000000000e+00
2.192881871140581751e+01,0.000000000000000000e+00
2.001746935380199588e+01,0.000000000000000000e+00
2.114337689648155560e+01,0.000000000000000000e+00
1.781040977504566314e+01,0.000000000000000000e+00
2.137542692938959377e+01,0.000000000000000000e+00
1.928406568539299570e+01,0.000000000000000000e+00
1.784808715645136701e+01,0.000000000000000000e+00
1.807850863617916204e+01,0.000000000000000000e+00
2.164289321059336046e+01,0.000000000000000000e+00
1.864992388088765907e+01,0.000000000000000000e+00
1.847839251440426622e+01,0.000000000000000000e+00
2.011443279436357301e+01,0.000000000000000000e+00
2.130860286818278126e+01,0.000000000000000000e+00
2.003984175069109241e+01,0.000000000000000000e+00
1.944510254565310348e+01,0.000000000000000000e+00
1.951081228910771159e+01,0.000000000000000000e+00
2.114946000131017456e+01,0.000000000000000000e+00
1.792346376498886684e+01,0.000000000000000000e+00
1.968807859911527913e+01,0.000000000000000000e+00
6.939523202180696160e+01,0.000000000000000000e+00
6.893996024318565219e+01,0.000000000000000000e+00
6.595244510013718298e+01,0.000000000000000000e+00
6.992729617058203928e+01,0.000000000000000000e+00
7.042684422550145484e+01,0.000000000000000000e+00
6.952009392568663770e+01,0.000000000000000000e+00
6.457115640745658425e+01,0.000000000000000000e+00
7.147126063182699340e+01,0.000000000000000000e+00
7.127711889336350737e+01,0.000000000000000000e+00
6.954959438637541780e+01,0.000000000000000000e+00
6.865195815385617095e+01,0.000000000000000000e+00
7.103509446770287639e+01,0.000000000000000000e+00
7.676886752140995895e+01,0.000000000000000000e+00
7.510619257032057305e+01,0.000000000000000000e+00
7.748138021645176821e+01,0.000000000000000000e+00
7.956902879442421295e+01,0.000000000000000000e+00
8.287333588420005981e+01,0.000000000000000000e+00
7.780472552180388845e+01,0.000000000000000000e+00
8.156710987826572534e+01,0.000000000000000000e+00
7.450408288865489226e+01,0.000000000000000000e+00
7.780195303098729198e+01,0.000000000000000000e+00
7.880178217696429499e+01,0.000000000000000000e+00
7.467001890070240222e+01,0.000000000000000000e+00
7.777296707413255206e+01,0.000000000000000000e+00
8.442462850121060569e+01,0.000000000000000000e+00
7.927146971918429585e+01,0.000000000000000000e+00
7.936596352418456490e+01,0.000000000000000000e+00
8.114086513186776983e+01,0.000000000000000000e+00
8.232639630850886192e+01,0.000000000000000000e+00
7.820021347257076627e+01,0.000000000000000000e+00
7.639328317549318115e+01,0.000000000000000000e+00
7.700021378045720155e+01,0.000000000000000000e+00
8.124144845810094751e+01,0.000000000000000000e+00
8.002869585508764771e+01,0.000000000000000000e+00
7.831016450650614047e+01,0.000000000000000000e+00
8.008520615929479902e+01,0.000000000000000000e+00
7.951442766405513396e+01,0.000000000000000000e+00
7.863947713760587988e+01,0.000000000000000000e+00
8.210609464849868289e+01,0.000000000000000000e+00
8.051834578389264152e+01,0.000000000000000000e+00
7.689777446715798703e+01,0.000000000000000000e+00
8.133857929773185447e+01,0.000000000000000000e+00
7.906909492987036003e+01,0.000000000000000000e+00
8.025721302054097350e+01,0.000000000000000000e+00
8.550298380872087023e+01,0.000000000000000000e+00
7.698033459628028652e+01,0.000000000000000000e+00
7.939120720142294374e+01,0.000000000000000000e+00
8.102521885250051525e+01,0.000000000000000000e+00
8.040415375554115940e+01,0.000000000000000000e+00
8.337282093308868980e+01,0.000000000000000000e+00
7.984751348484429911e+01,0.000000000000000000e+00
7.674586387031611423e+01,0.000000000000000000e+00
7.739779295412866134e+01,0.000000000000000000e+00
7.702662869670317036e+01,0.000000000000000000e+00
8.323551851502438126e+01,0.000000000000000000e+00
7.774124469472994292e+01,0.000000000000000000e+00
8.074898493366231378e+01,0.000000000000000000e+00
8.083441737309149744e+01,0.000000000000000000e+00
8.147381571410527101e+01,0.000000000000000000e+00
7.821084922852644183e+01,0.000000000000000000e+00
8.449626033460179997e+01,0.000000000000000000e+00
7.950416094191290028e+01,0.000000000000000000e+00
8.019546050894277300e+01,0.000000000000000000e+00
8.302335980999328058e+01,0.000000000000000000e+00
8.066296031459839355e+01,0.000000000000000000e+00
7.653245053678178067e+01,0.000000000000000000e+00
8.035237078923609033e+01,0.000000000000000000e+00
8.090730785925438795e+01,0.000000000000000000e+00
7.861565281382424075e+01,0.000000000000000000e+00
7.713756581804760515e+01,0.000000000000000000e+00
8.159846344086420800e+01,0.000000000000000000e+00
8.346978307548229736e+01,0.000000000000000000e+00
8.096887152827099499e+01,0.000000000000000000e+00
8.005372666392695180e+01,0.000000000000000000e+00
8.000451984973501851e+01,0.000000000000000000e+00
7.920873166422654776e+01,0.000000000000000000e+00
8.234322895434100076e+01,0.000000000000000000e+00
8.039749302545935450e+01,0.000000000000000000e+00
8.451406699591210270e+01,0.000000000000000000e+00
7.975173813332668260e+01,0.000000000000000000e+00
8.145774369852765062e+01,0.000000000000000000e+00
7.921341388609717171e+01,0.000000000000000000e+00
7.945806387967742523e+01,0.000000000000000000e+00
7.773790450970159327e+01,0.000000000000000000e+00
8.478667562020413584e+01,0.000000000000000000e+00
8.009831414723055332e+01,0.000000000000000000e+00
7.974317150327877357e+01,0.000000000000000000e+00
8.145527710006770405e+01,0.000000000000000000e+00
8.039807982863766256e+01,0.000000000000000000e+00
8.470241972903366445e+01,0.000000000000000000e+00
8.136176702215179546e+01,0.000000000000000000e+00
7.646798330095001006e+01,0.000000000000000000e+00
7.987525857166738774e+01,0.000000000000000000e+00
8.178162875551446120e+01,0.000000000000000000e+00
7.990033874303193784e+01,0.000000000000000000e+00
8.204807617172140510e+01,0.000000000000000000e+00
7.742154058719316367e+01,0.000000000000000000e+00
7.927224473678126060e+01,0.000000000000000000e+00
8.259302459880778713e+01,0.000000000000000000e+00
8.023899358844653307e+01,0.000000000000000000e+00
7.943773367596345736e+01,0.000000000000000000e+00
8.164665752425909773e+01,0.000000000000000000e+00
7.890984513650232657e+01,0.000000000000000000e+00
7.624961456727591269e+01,0.000000000000000000e+00
7.700182055583165663e+01,0.000000000000000000e+00
8.111546322300303302e+01,0.000000000000000000e+00
7.991134109230009130e+01,0.000000000000000000e+00
8.059165334889068788e+01,0.000000000000000000e+00
3.246310673675890257e+01,0.000000000000000000e+00
2.870705354548579891e+01,0.000000000000000000e+00
2.843624252627291327e+01,0.000000000000000000e+00
3.138992947880441520e+01,0.000000000000000000e+00
3.079730958747972380e+01,0.000000000000000000e+00
2.838263115664301850e+01,0.000000000000000000e+00
3.383295002632560511e+01,0.000000000000000000e+00
3.162261236039943668e+01,0.000000000000000000e+00
3.360866251088299350e+01,0.000000000000000000e+00
3.070167321244313641e+01,0.000000000000000000e+00
3.529597443033355830e+01,0.000000000000000000e+00
3.362512450029341693e+01,0.000000000000000000e+00
2.874572369030840946e+01,0.000000000000000000e+00
2.236132674994378533e+01,0.000000000000000000e+00
2.065577514119333102e+01,0.000000000000000000e+00
2.516747286833393815e+01,0.000000000000000000e+00
2.436627792378747159e+01,0.000000000000000000e+00
2.197382254824334424e+01,0.000000000000000000e+00
2.455295401690617396e+01,0.000000000000000000e+00
2.268636611952692306e+01,0.000000000000000000e+00
2.324263795195860638e+01,0.000000000000000000e+00
2.097928215208595759e+01,0.000000000000000000e+00
2.112882204394458796e+01,0.000000000000000000e+00
2.150337555038312587e+01,0.000000000000000000e+00
2.014968646071677583e+01,0.000000000000000000e+00
1.956962954737719684e+01,0.000000000000000000e+00
2.452149420009316572e+01,0.000000000000000000e+00
2.138058806244045229e+01,0.000000000000000000e+00
1.664681234326287296e+01,0.000000000000000000e+00
1.942464002869196094e+01,0.000000000000000000e+00
1.813883637958473827e+01,0.000000000000000000e+00
2.195975991471917865e+01,0.000000000000000000e+00
2.068488443855569159e+01,0.000000000000000000e+00
2.162385038637870949e+01,0.000000000000000000e+00
2.140833030455954855e+01,0.000000000000000000e+00
1.910474948728572642e+01,0.000000000000000000e+00
1.838896689588412414e+01,0.000000000000000000e+00
1.699188220099066271e+01,0.000000000000000000e+00
1.941419733248791601e+01,0.000000000000000000e+00
1.647291114996063754e+01,0.000000000000000000e+00
2.129851635375014851e+01,0.000000000000000000e+00
2.084635812783953313e+01,0.000000000000000000e+00
2.177784423898639687e+01,0.000000000000000000e+00
2.038603385372077170e+01,0.000000000000000000e+00
2.360012010928731030e+01,0.000000000000000000e+00
1.844880566385166532e+01,0.000000000000000000e+00
2.254170260788897195e+01,0.000000000000000000e+00
2.271369431455562804e+01,0.000000000000000000e+00
2.098731713532598064e+01,0.000000000000000000e+00
1.915234523434169844e+01,0.000000000000000000e+00
1.894833129526963944e+01,0.000000000000000000e+00
1.951640656682009123e+01,0.000000000000000000e+00
1.912738078775479167e+01,0.000000000000000000e+00
1.853745372897481758e+01,0.000000000000000000e+00
1.582398485385568598e+01,0.000000000000000000e+00
1.515193692016719140e+01,0.000000000000000000e+00
2.047751556841949494e+01,0.000000000000000000e+00
2.097107483555836183e+01,0.000000000000000000e+00
1.739851363237103143e+01,0.000000000000000000e+00
1.363438024147805727e+01,0.000000000000000000e+00
1.874306404618227972e+01,0.000000000000000000e+00
2.144351481613025356e+01,0.000000000000000000e+00
1.566160189224402544e+01,0.000000000000000000e+00
1.973528725013352769e+01,0.000000000000000000e+00
1.977445768294243322e+01,0.000000000000000000e+00
1.901711682618836363e+01,0.000000000000000000e+00
1.953849115037290929e+01,0.000000000000000000e+00
2.080631854226143318e+01,0.000000000000000000e+00
1.504574615376781743e+01,0.000000000000000000e+00
1.636041356207075026e+01,0.000000000000000000e+00
1.668992265887145976e+01,0.000000000000000000e+00
1.927541861584906968e+01,0.000000000000000000e+00
1.824022149370491519e+01,0.000000000000000000e+00
1.948394961500529021e+01,0.000000000000000000e+00
1.946274113138793993e+01,0.000000000000000000e+00
1.462179598800791425e+01,0.000000000000000000e+00
2.287524774736161248e+01,0.000000000000000000e+00
1.761103780755733439e+01,0.000000000000000000e+00
2.124456674361045216e+01,0.000000000000000000e+00
1.658226957219306641e+01,0.000000000000000000e+00
1.944360806504657191e+01,0.000000000000000000e+00
2.116470623817163954e+01,0.000000000000000000e+00
2.058346350537592429e+01,0.000000000000000000e+00
2.253058685333745004e+01,0.000000000000000000e+00
1.801340844181701328e+01,0.000000000000000000e+00
1.917636403454750393e+01,0.000000000000000000e+00
1.641678607250649691e+01,0.000000000000000000e+00
1.891647348289242814e+01,0.000000000000000000e+00
2.210034351901801131e+01,0.000000000000000000e+00
2.013215604129795011e+01,0.000000000000000000e+00
2.127211559297632704e+01,0.000000000000000000e+00
2.261625610018541011e+01,0.000000000000000000e+00
2.149053562654137650e+01,0.000000000000000000e+00
1.755140396079881171e+01,0.000000000000000000e+00
1.879169776108403411e+01,0.000000000000000000e+00
2.052625692777739275e+01,0.000000000000000000e+00
1.771813610745434175e+01,0.000000000000000000e+00
2.387810771535985666e+01,0.000000000000000000e+00
1.895925382152324801e+01,0.000000000000000000e+00
2.120149979221191572e+01,0.000000000000000000e+00
1.680789560470554633e+01,0.000000000000000000e+00
1.973929942290855521e+01,0.000000000000000000e+00
1.764556439287117939e+01,0.000000000000000000e+00
2.044961364746112054e+01,0.000000000000000000e+00
2.149016347043605180e+01,0.000000000000000000e+00
1.976278130916062992e+01,0.000000000000000000e+00
1.972894826219036091e+01,0.000000000000000000e+00
2.175277743592545932e+01,0.000000000000000000e+00
2.094383141548215477e+01,0.000000000000000000e+00
2.089994016441297475e+01,0.000000000000000000e+00
1.967170913821983547e+01,0.000000000000000000e+00
1.883711628317455578e+01,0.000000000000000000e+00
2.364747543152694931e+01,0.000000000000000000e+00
1.977006398495840500e+01,0.000000000000000000e+00
1.913443211816418454e+01,0.000000000000000000e+00
1.978952097263310961e+01,0.000000000000000000e+00
2.015307292929886174e+01,0.000000000000000000e+00
2.362994368858085892e+01,0.000000000000000000e+00
2.542792545058705755e+01,0.000000000000000000e+00
1.963981404532228936e+01,0.000000000000000000e+00
2.357891705606444432e+01,0.000000000000000000e+00
1.882880868168163246e+01,0.000000000000000000e+00
1.815861897298788108e+01,0.000000000000000000e+00
2.087960596461338270e+01,0.000000000000000000e+00
2.167142562657591753e+01,0.000000000000000000e+00
1.740977698714579702e+01,0.000000000000000000e+00
2.135741423313413634e+01,0.000000000000000000e+00
2.188291604867103501e+01,0.000000000000000000e+00
2.024975486957104920e+01,0.000000000000000000e+00
1.978052038053969497e+01,0.000000000000000000e+00
2.055090959900545400e+01,0.000000000000000000e+00
1.627436126227809154e+01,0.000000000000000000e+00
1.710184631036554848e+01,0.000000000000000000e+00
1.965891132863195168e+01,0.000000000000000000e+00
1.939552640578477494e+01,0.000000000000000000e+00
1.913571921251033814e+01,0.000000000000000000e+00
2.219135192099211196e+01,0.000000000000000000e+00
2.036910500456595940e+01,0.000000000000000000e+00
2.105044703277950191e+01,0.000000000000000000e+00
1.834062813069410680e+01,0.000000000000000000e+00
1.811073219958606373e+01,0.000000000000000000e+00
1.574056916629745118e+01,0.000000000000000000e+00
1.939250234802064199e+01,0.000000000000000000e+00
2.192792328789980161e+01,0.000000000000000000e+00
1.820908943091186671e+01,0.000000000000000000e+00
1.829431508435633802e+01,0.000000000000000000e+00
1.765059195966631478e+01,0.000000000000000000e+00
2.158975151952802918e+01,0.000000000000000000e+00
1.897356906358562156e+01,0.000000000000000000e+00
2.228238986496551988e+01,0.000000000000000000e+00
1.900505949191944310e+01,0.000000000000000000e+00
2.071679082385702486e+01,0.000000000000000000e+00
1.866751086895074607e+01,0.000000000000000000e+00
1.855505460614420343e+01,0.000000000000000000e+00
1.961592077764666797e+01,0.000000000000000000e+00
2.206065251429609120e+01,0.000000000000000000e+00
1.861327017300291686e+01,0.000000000000000000e+00
2.249030207856205976e+01,0.000000000000000000e+00
2.229467509334484987e+01,0.000000000000000000e+00
1.916964279721354814e+01,0.000000000000000000e+00
1.955587227366821068e+01,0.000000000000000000e+00
1.892301210001642531e+01,0.000000000000000000e+00
2.055685571573259551e+01,0.000000000000000000e+00
2.054318931776113288e+01,0.000000000000000000e+00
1.900233583073572063e+01,0.000000000000000000e+00
1.867255079358815095e+01,0.000000000000000000e+00
1.986423527832373637e+01,0.000000000000000000e+00
2.008167262795603847e+01,0.000000000000000000e+00
1.916115616173396674e+01,0.000000000000000000e+00
1.644506368330968371e+01,0.000000000000000000e+00
1.932800424633247616e+01,0.000000000000000000e+00
2.184695825414350168e+01,0.000000000000000000e+00
1.667688591888234839e+01,0.000000000000000000e+00
1.959855932911961673e+01,0.000000000000000000e+00
2.266451882569823439e+01,0.000000000000000000e+00
1.816508724317499102e+01,0.000000000000000000e+00
1.969162600629924498e+01,0.000000000000000000e+00
1.919981007558019925e+01,0.000000000000000000e+00
1.803007857524692170e+01,0.000000000000000000e+00
2.078014975749120907e+01,0.000000000000000000e+00
6.890040747761887019e+01,0.000000000000000000e+00
6.826363334578134356e+01,0.000000000000000000e+00
6.318433718518695485e+01,0.000000000000000000e+00
6.938329273987069712e+01,0.000000000000000000e+00
6.586883024893404581e+01,0.000000000000000000e+00
6.599603037166781405e+01,0.000000000000000000e+00
7.156579171767073433e+01,0.000000000000000000e+00
6.846953187226186799e+01,0.000000000000000000e+00
6.653177873703910450e+01,0.000000000000000000e+00
6.547102652539670942e+01,0.000000000000000000e+00
6.967276813728010154e+01,0.000000000000000000e+00
6.730983732915451867e+01,0.000000000000000000e+00
7.763098828145005825e+01,0.000000000000000000e+00
7.797124133351614717e+01,0.000000000000000000e+00
7.764138453061949008e+01,0.000000000000000000e+00
7.955089786227416937e+01,0.000000000000000000e+00
7.719579570806700985e+01,0.000000000000000000e+00
7.667091599832910731e+01,0.000000000000000000e+00
7.906851144282558153e+01,0.000000000000000000e+00
7.731817639289488397e+01,0.000000000000000000e+00
7.650026081914539589e+01,0.000000000000000000e+00
7.710120063089135556e+01,0.000000000000000000e+00
8.150731341128690133e+01,0.000000000000000000e+00
7.792994927704420149e+01,0.000000000000000000e+00
7.648256713379204541e+01,0.000000000000000000e+00
7.889675388667170353e+01,0.000000000000000000e+00
8.465838401171856731e+01,0.000000000000000000e+00
7.825343951893830763e+01,0.000000000000000000e+00
7.963276135881230289e+01,0.000000000000000000e+00
8.195766130431914576e+01,0.000000000000000000e+00
7.926017039931271313e+01,0.000000000000000000e+00
7.570926224063610732e+01,0.000000000000000000e+00
8.221764822867349665e+01,0.000000000000000000e+00
7.905287748383068447e+01,0.000000000000000000e+00
7.889663235906733973e+01,0.000000000000000000e+00
8.149421738158022777e+01,0.000000000000000000e+00
8.226849433826679103e+01,0.000000000000000000e+00
7.973141821638006377e+01,0.000000000000000000e+00
8.213426554647720934e+01,0.000000000000000000e+00
8.095952474843961966e+01,0.000000000000000000e+00
8.008332243675944540e+01,0.000000000000000000e+00
8.209741164142636194e+01,0.000000000000000000e+00
8.142456885413800194e+01,0.000000000000000000e+00
8.081189154274061082e+01,0.000000000000000000e+00
8.329008199097378906e+01,0.000000000000000000e+00
7.929796690032210904e+01,0.000000000000000000e+00
7.752023432831504124e+01,0.000000000000000000e+00
7.743764802038246842e+01,0.000000000000000000e+00
7.888859747326526417e+01,0.000000000000000000e+00
7.978112480466707268e+01,0.000000000000000000e+00
8.175317472057709267e+01,0.000000000000000000e+00
7.656973597530419795e+01,0.000000000000000000e+00
7.753191843664448868e+01,0.000000000000000000e+00
7.842858520166772962e+01,0.000000000000000000e+00
7.769667492492375516e+01,0.000000000000000000e+00
8.088104081635859188e+01,0.000000000000000000e+00
7.737265715041617398e+01,0.000000000000000000e+00
7.843639597756605042e+01,0.000000000000000000e+00
7.709670388522947349e+01,0.000000000000000000e+00
7.800547637009469781e+01,0.000000000000000000e+00
8.364069153578122950e+01,0.000000000000000000e+00
8.561290622150760043e+01,0.000000000000000000e+00
8.192765285320086832e+01,0.000000000000000000e+00
7.952512324397504528e+01,0.000000000000000000e+00
8.051779282626132783e+01,0.000000000000000000e+00
8.259705447448081372e+01,0.000000000000000000e+00
7.829391647296647250e+01,0.000000000000000000e+00
8.044981272920595927e+01,0.000000000000000000e+00
8.028114348408279000e+01,0.000000000000000000e+00
8.210778046391689600e+01,0.000000000000000000e+00
8.155522500688046250e+01,0.000000000000000000e+00
7.884782359130592511e+01,0.000000000000000000e+00
7.628013946249512856e+01,0.000000000000000000e+00
8.101377711665874415e+01,0.000000000000000000e+00
7.945248875148526224e+01,0.000000000000000000e+00
8.188526569471835614e+01,0.000000000000000000e+00
8.012124637674349970e+01,0.000000000000000000e+00
7.901090264319070400e+01,0.000000000000000000e+00
8.205255241452275072e+01,0.000000000000000000e+00
7.966837653546760123e+01,0.000000000000000000e+00
7.920451053393712471e+01,0.000000000000000000e+00
7.867593952748038078e+01,0.000000000000000000e+00
8.137966270154814197e+01,0.000000000000000000e+00
8.448570567312449953e+01,0.000000000000000000e+00
7.940779310495629773e+01,0.000000000000000000e+00
8.157124922446783444e+01,0.000000000000000000e+00
7.992541609800950653e+01,0.000000000000000000e+00
7.712726107381526219e+01,0.000000000000000000e+00
7.614906651461461706e+01,0.000000000000000000e+00
7.923002536051362199e+01,0.000000000000000000e+00
7.983620501784265855e+01,0.000000000000000000e+00
8.041792770036632021e+01,0.000000000000000000e+00
8.054185309320372710e+01,0.000000000000000000e+00
7.888823421950172587e+01,0.000000000000000000e+00
8.277505705496862731e+01,0.000000000000000000e+00
7.788581891134512603e+01,0.000000000000000000e+00
7.891837950580979566e+01,0.000000000000000000e+00
8.216390404790215030e+01,0.000000000000000000e+00
7.733476138436363101e+01,0.000000000000000000e+00
8.043755401436341401e+01,0.000000000000000000e+00
7.687833927119886823e+01,0.000000000000000000e+00
8.108132737242056010e+01,0.000000000000000000e+00
7.765772065272425095e+01,0.000000000000000000e+00
8.016930582462852328e+01,0.000000000000000000e+00
8.012327037647420980e+01,0.000000000000000000e+00
7.924746261888381582e+01,0.000000000000000000e+00
8.040228831908835616e+01,0.000000000000000000e+00
7.906955496405178963e+01,0.000000000000000000e+00
3.450144744271685227e+01,0.000000000000000000e+00
3.108800411259721486e+01,0.000000000000000000e+00
2.933009711608653092e+01,0.000000000000000000e+00
3.087311418862692847e+01,0.000000000000000000e+00
3.249987841098327124e+01,0.000000000000000000e+00
3.325238455378729441e+01,0.000000000000000000e+00
3.233931492784432038e+01,0.000000000000000000e+00
2.859944460218767048e+01,0.000000000000000000e+00
3.087771055679798593e+01,0.000000000000000000e+00
3.255203134579197410e+01,0.000000000000000000e+00
3.560808708992006899e+01,0.000000000000000000e+00
3.449053458286039131e+01,0.000000000000000000e+00
1.999900875232281194e+01,0.000000000000000000e+00
1.643304135202135896e+01,0.000000000000000000e+00
2.164077471471060221e+01,0.000000000000000000e+00
2.152164321161982485e+01,0.000000000000000000e+00
2.301048592206810994e+01,0.000000000000000000e+00
2.184922100461493955e+01,0.000000000000000000e+00
2.086627831886958973e+01,0.000000000000000000e+00
2.298952849906125095e+01,0.000000000000000000e+00
2.273273049236338039e+01,0.000000000000000000e+00
2.574655495915056136e+01,0.000000000000000000e+00
2.136236821212218828e+01,0.000000000000000000e+00
2.376701486775590766e+01,0.000000000000000000e+00
1.926215066764170913e+01,0.000000000000000000e+00
2.625122094168669662e+01,0.000000000000000000e+00
2.178945136111155279e+01,0.000000000000000000e+00
1.777167935884245153e+01,0.000000000000000000e+00
2.088265010377460129e+01,0.000000000000000000e+00
1.755126852633041779e+01,0.000000000000000000e+00
2.176519882691142982e+01,0.000000000000000000e+00
1.566532766173900271e+01,0.000000000000000000e+00
1.978537487489672841e+01,0.000000000000000000e+00
1.952367847629300002e+01,0.000000000000000000e+00
2.216059680723545711e+01,0.000000000000000000e+00
1.973424373960455469e+01,0.000000000000000000e+00
2.069690446721388710e+01,0.000000000000000000e+00
1.745040440145270466e+01,0.000000000000000000e+00
1.833235335437398561e+01,0.000000000000000000e+00
1.970920366758398146e+01,0.000000000000000000e+00
1.687794216323041852e+01,0.000000000000000000e+00
1.883491261936023520e+01,0.000000000000000000e+00
2.090813337143260142e+01,0.000000000000000000e+00
1.642136743673088617e+01,0.000000000000000000e+00
2.155829945053797303e+01,0.000000000000000000e+00
2.135676590319977208e+01,0.000000000000000000e+00
1.828543771606814516e+01,0.000000000000000000e+00
2.051623349710456878e+01,0.000000000000000000e+00
2.038513039478683808e+01,0.000000000000000000e+00
2.297007733480988279e+01,0.000000000000000000e+00
1.941690321558546017e+01,0.000000000000000000e+00
1.919778364734266063e+01,0.000000000000000000e+00
1.656893842588857169e+01,0.000000000000000000e+00
1.922713278416063432e+01,0.000000000000000000e+00
1.703496330884573240e+01,0.000000000000000000e+00
1.894747909428242139e+01,0.000000000000000000e+00
2.086692309295670356e+01,0.000000000000000000e+00
2.187905493559583903e+01,0.000000000000000000e+00
1.871646445835216355e+01,0.000000000000000000e+00
1.954020715058690172e+01,0.000000000000000000e+00
1.874389772621346140e+01,0.000000000000000000e+00
2.041569715874182123e+01,0.000000000000000000e+00
1.990069239051955563e+01,0.000000000000000000e+00
1.646583243820059650e+01,0.000000000000000000e+00
2.223363159351308127e+01,0.000000000000000000e+00
2.374133007792561756e+01,0.000000000000000000e+00
1.932340146625502797e+01,0.000000000000000000e+00
2.137391624818860336e+01,0.000000000000000000e+00
1.777985958514536691e+01,0.000000000000000000e+00
2.195166150281881556e+01,0.000000000000000000e+00
2.102107761902251326e+01,0.000000000000000000e+00
2.044854667030465833e+01,0.000000000000000000e+00
1.824065236686918468e+01,0.000000000000000000e+00
1.982542049793421413e+01,0.000000000000000000e+00
2.248221357712527180e+01,0.000000000000000000e+00
2.261125994418407004e+01,0.000000000000000000e+00
2.217046074468090566e+01,0.000000000000000000e+00
2.282236833865265169e+01,0.000000000000000000e+00
1.933419202672266124e+01,0.000000000000000000e+00
2.010295570823889477e+01,0.000000000000000000e+00
1.992079281107483268e+01,0.000000000000000000e+00
1.767181956395501174e+01,0.000000000000000000e+00
1.825037082789555143e+01,0.000000000000000000e+00
2.412977828334572905e+01,0.000000000000000000e+00
2.148860157758357659e+01,0.000000000000000000e+00
1.949154963221913306e+01,0.000000000000000000e+00
2.166769365879694575e+01,0.000000000000000000e+00
2.117769602344584712e+01,0.000000000000000000e+00
2.050331538068045134e+01,0.000000000000000000e+00
1.680877744064837032e+01,0.000000000000000000e+00
1.574291658308374231e+01,0.000000000000000000e+00
2.017239905955574031e+01,0.000000000000000000e+00
1.892678665906417024e+01,0.000000000000000000e+00
2.168203415962516090e+01,0.000000000000000000e+00
1.809124958709781694e+01,0.000000000000000000e+00
1.978599903374882629e+01,0.000000000000000000e+00
1.916550434416093296e+01,0.000000000000000000e+00
1.914031698425515771e+01,0.000000000000000000e+00
2.510056687337799630e+01,0.000000000000000000e+00
2.017981513086643020e+01,0.000000000000000000e+00
1.907037605384692114e+01,0.000000000000000000e+00
1.846368588237900710e+01,0.000000000000000000e+00
1.960797108125078481e+01,0.000000000000000000e+00
1.970952622496884032e+01,0.000000000000000000e+00
1.769021062972318248e+01,0.000000000000000000e+00
1.955583636163642680e+01,0.000000000000000000e+00
1.630139710234072936e+01,0.000000000000000000e+00
2.312292605347384011e+01,0.000000000000000000e+00
1.465858540601594484e+01,0.000000000000000000e+00
2.006184091461411967e+01,0.000000000000000000e+00
2.142243533729209304e+01,0.000000000000000000e+00
2.280071605248255651e+01,0.000000000000000000e+00
2.059928476314366463e+01,0.000000000000000000e+00
2.180691517096624565e+01,0.000000000000000000e+00
1.789651655907533012e+01,0.000000000000000000e+00
1.873972986812523800e+01,0.000000000000000000e+00
1.872409215876668043e+01,0.000000000000000000e+00
2.389078093494137889e+01,0.000000000000000000e+00
2.073209633781038974e+01,0.000000000000000000e+00
2.039936643033370345e+01,0.000000000000000000e+00
1.928684859382142136e+01,0.000000000000000000e+00
1.915139429460743870e+01,0.000000000000000000e+00
2.091044684727797787e+01,0.000000000000000000e+00
2.133582972126512090e+01,0.000000000000000000e+00
2.150249938361302782e+01,0.000000000000000000e+00
1.819970384559227838e+01,0.000000000000000000e+00
1.873298155669093390e+01,0.000000000000000000e+00
2.299336145142507348e+01,0.000000000000000000e+00
2.524188905919957904e+01,0.000000000000000000e+00
1.898296943621370048e+01,0.000000000000000000e+00
1.743728905958423780e+01,0.000000000000000000e+00
1.981806533203825893e+01,0.000000000000000000e+00
2.013077506331046607e+01,0.000000000000000000e+00
2.093189366315215949e+01,0.000000000000000000e+00
1.900064910698797505e+01,0.000000000000000000e+00
2.328890527579208580e+01,0.000000000000000000e+00
2.085136539047781312e+01,0.000000000000000000e+00
2.104001131476879394e+01,0.000000000000000000e+00
1.767859808100023145e+01,0.000000000000000000e+00
1.914562899022645581e+01,0.000000000000000000e+00
1.830912201625865521e+01,0.000000000000000000e+00
1.894519385773845954e+01,0.000000000000000000e+00
1.824157448026783968e+01,0.000000000000000000e+00
2.007232772193633608e+01,0.000000000000000000e+00
1.608615158708662563e+01,0.000000000000000000e+00
2.591308669359314010e+01,0.000000000000000000e+00
2.202911363522918720e+01,0.000000000000000000e+00
1.873685163055758096e+01,0.000000000000000000e+00
1.916555673628479184e+01,0.000000000000000000e+00
2.064319048346469643e+01,0.000000000000000000e+00
2.057730091209796797e+01,0.000000000000000000e+00
2.066497852889433773e+01,0.000000000000000000e+00
2.073355544639667158e+01,0.000000000000000000e+00
2.011883250820960711e+01,0.000000000000000000e+00
1.897505876504357047e+01,0.000000000000000000e+00
1.993920511669439932e+01,0.000000000000000000e+00
1.866717801282236522e+01,0.000000000000000000e+00
2.134446171916644630e+01,0.000000000000000000e+00
1.953119139502334178e+01,0.000000000000000000e+00
1.760237848293235885e+01,0.000000000000000000e+00
1.568936726696449924e+01,0.000000000000000000e+00
2.407218079043490633e+01,0.000000000000000000e+00
2.099240027113081197e+01,0.000000000000000000e+00
1.941200385093687331e+01,0.000000000000000000e+00
2.061395374242434642e+01,0.000000000000000000e+00
2.115679053071734828e+01,0.000000000000000000e+00
2.170334675268772173e+01,0.000000000000000000e+00
2.079372037222832148e+01,0.000000000000000000e+00
2.306285259014701694e+01,0.000000000000000000e+00
1.711571189490577893e+01,0.000000000000000000e+00
1.810594698950867709e+01,0.000000000000000000e+00
2.306711377243493999e+01,0.000000000000000000e+00
1.907428872319954749e+01,0.000000000000000000e+00
1.780272068785423301e+01,0.000000000000000000e+00
1.688976756278777103e+01,0.000000000000000000e+00
1.909590491165704762e+01,0.000000000000000000e+00
1.756100170168799579e+01,0.000000000000000000e+00
2.030453252396221586e+01,0.000000000000000000e+00
1.838410779953161622e+01,0.000000000000000000e+00
2.068079845352054136e+01,0.000000000000000000e+00
6.527933300251717696e+01,0.000000000000000000e+00
6.947648498228122094e+01,0.000000000000000000e+00
6.966909686248297362e+01,0.000000000000000000e+00
6.720884809848696761e+01,0.000000000000000000e+00
6.925480388086823780e+01,0.000000000000000000e+00
6.896784282704646785e+01,0.000000000000000000e+00
6.944684739047086453e+01,0.000000000000000000e+00
6.574120173408751100e+01,0.000000000000000000e+00
6.444248955526370537e+01,0.000000000000000000e+00
6.680035888432952618e+01,0.000000000000000000e+00
7.031997415158933507e+01,0.000000000000000000e+00
7.126577193972333646e+01,0.000000000000000000e+00
7.788978404479013307e+01,0.000000000000000000e+00
7.717512489572166601e+01,0.000000000000000000e+00
7.427085124179281195e+01,0.000000000000000000e+00
7.743003125568338874e+01,0.000000000000000000e+00
7.896013876228271045e+01,0.000000000000000000e+00
7.773215836290931691e+01,0.000000000000000000e+00
7.952881586404600966e+01,0.000000000000000000e+00
7.651168241110103452e+01,0.000000000000000000e+00
7.728166424634613918e+01,0.000000000000000000e+00
7.992180010616209529e+01,0.000000000000000000e+00
7.911066209076379607e+01,0.000000000000000000e+00
7.663087296960051731e+01,0.000000000000000000e+00
7.981432659084080683e+01,0.000000000000000000e+00
7.822260489831803909e+01,0.000000000000000000e+00
7.858920911051981761e+01,0.000000000000000000e+00
7.680859672012755368e+01,0.000000000000000000e+00
7.940682730103799258e+01,0.000000000000000000e+00
7.481721347576615244e+01,0.000000000000000000e+00
7.628667676219171767e+01,0.000000000000000000e+00
7.668791645045051553e+01,0.000000000000000000e+00
8.296001172002500823e+01,0.000000000000000000e+00
7.723660158902309547e+01,0.000000000000000000e+00
8.113576511461823770e+01,0.000000000000000000e+00
7.825350546321998024e+01,0.000000000000000000e+00
7.921197439167590915e+01,0.000000000000000000e+00
8.158855454389194506e+01,0.000000000000000000e+00
7.972834310785054868e+01,0.000000000000000000e+00
7.649588136081020195e+01,0.000000000000000000e+00
8.097323073573238617e+01,0.000000000000000000e+00
7.457344261517089024e+01,0.000000000000000000e+00
7.985639887810916093e+01,0.000000000000000000e+00
8.050652508219387471e+01,0.000000000000000000e+00
7.834515097748013090e+01,0.000000000000000000e+00
7.631679002479198459e+01,0.000000000000000000e+00
8.095672386212275740e+01,0.000000000000000000e+00
8.177963464887614009e+01,0.000000000000000000e+00
8.137789720105304525e+01,0.000000000000000000e+00
7.569913452127964604e+01,0.000000000000000000e+00
7.784999831166638273e+01,0.000000000000000000e+00
8.065718163609390956e+01,0.000000000000000000e+00
7.795572715988993195e+01,0.000000000000000000e+00
8.146130196255020905e+01,0.000000000000000000e+00
7.950328136137919444e+01,0.000000000000000000e+00
7.946816769779243828e+01,0.000000000000000000e+00
7.817905644519595398e+01,0.000000000000000000e+00
8.149705175683308767e+01,0.000000000000000000e+00
8.294219358515537976e+01,0.000000000000000000e+00
8.354497366235612787e+01,0.000000000000000000e+00
8.101664759392158999e+01,0.000000000000000000e+00
7.911975341295602959e+01,0.000000000000000000e+00
8.213023137812174923e+01,0.000000000000000000e+00
7.885753683431259731e+01,0.000000000000000000e+00
7.738590006394575482e+01,0.000000000000000000e+00
7.804311465712254403e+01,0.000000000000000000e+00
7.602469391479657190e+01,0.000000000000000000e+00
8.068451948513954619e+01,0.000000000000000000e+00
7.991553592735643008e+01,0.000000000000000000e+00
7.795464816079966397e+01,0.000000000000000000e+00
7.881007231673119406e+01,0.000000000000000000e+00
7.873673642104641601e+01,0.000000000000000000e+00
7.933413577508052583e+01,0.000000000000000000e+00
8.003196190177652625e+01,0.000000000000000000e+00
8.003635545072530988e+01,0.000000000000000000e+00
7.974661633903028246e+01,0.000000000000000000e+00
8.136996153738401460e+01,0.000000000000000000e+00
7.711867446263215697e+01,0.000000000000000000e+00
8.022885330278384686e+01,0.000000000000000000e+00
7.895295387622746830e+01,0.000000000000000000e+00
8.341325220471865975e+01,0.000000000000000000e+00
7.871535293267044153e+01,0.000000000000000000e+00
7.978272367865348258e+01,0.000000000000000000e+00
8.353448530464653743e+01,0.000000000000000000e+00
8.193546257846475100e+01,0.000000000000000000e+00
8.697588432467854602e+01,0.000000000000000000e+00
7.718672060444272631e+01,0.000000000000000000e+00
7.963893100000274217e+01,0.000000000000000000e+00
8.030256558101062581e+01,0.000000000000000000e+00
7.661275842087631816e+01,0.000000000000000000e+00
7.699369963465704814e+01,0.000000000000000000e+00
7.774173086541479449e+01,0.000000000000000000e+00
8.131954382860467945e+01,0.000000000000000000e+00
7.938099710250175178e+01,0.000000000000000000e+00
7.931503083490197525e+01,0.000000000000000000e+00
7.942673002272940153e+01,0.000000000000000000e+00
8.174043020134301685e+01,0.000000000000000000e+00
7.858825062734221945e+01,0.000000000000000000e+00
8.203865992039179389e+01,0.000000000000000000e+00
8.327590867708269684e+01,0.000000000000000000e+00
7.892064134552472865e+01,0.000000000000000000e+00
7.895188558662043476e+01,0.000000000000000000e+00
7.910414459695013534e+01,0.000000000000000000e+00
8.137902167974735335e+01,0.000000000000000000e+00
7.747701052269783872e+01,0.000000000000000000e+00
7.867448609412632266e+01,0.000000000000000000e+00
8.138736974542646863e+01,0.000000000000000000e+00
8.049699028504738862e+01,0.000000000000000000e+00
3.220664884538306438e+01,0.000000000000000000e+00
3.049144024182721679e+01,0.000000000000000000e+00
3.293798550903162692e+01,0.000000000000000000e+00
3.165136867084772021e+01,0.000000000000000000e+00
3.379832526572857176e+01,0.000000000000000000e+00
3.119308194781748256e+01,0.000000000000000000e+00
3.304911524738961504e+01,0.000000000000000000e+00
3.268964432188563762e+01,0.000000000000000000e+00
3.269627018191993528e+01,0.000000000000000000e+00
2.800456937648867850e+01,0.000000000000000000e+00
3.238453037758291941e+01,0.000000000000000000e+00
3.190107689228102572e+01,0.000000000000000000e+00
2.234405787078556926e+01,0.000000000000000000e+00
2.260793493625753214e+01,0.000000000000000000e+00
2.391164657459734144e+01,0.000000000000000000e+00
2.108260184424791817e+01,0.000000000000000000e+00
2.303475051135972862e+01,0.000000000000000000e+00
2.348077617244086923e+01,0.000000000000000000e+00
2.206659712057395950e+01,0.000000000000000000e+00
2.111420535153192901e+01,0.000000000000000000e+00
2.427252769598695892e+01,0.000000000000000000e+00
2.577393842221442455e+01,0.000000000000000000e+00
1.868003343817391837e+01,0.000000000000000000e+00
2.390237823962338126e+01,0.000000000000000000e+00
2.016033651844551144e+01,0.000000000000000000e+00
2.282386332014482733e+01,0.000000000000000000e+00
2.061763185528771913e+01,0.000000000000000000e+00
1.878775653025806491e+01,0.000000000000000000e+00
1.945229960956108783e+01,0.000000000000000000e+00
2.391434565478310148e+01,0.000000000000000000e+00
1.627164140188590125e+01,0.000000000000000000e+00
2.240539186492488355e+01,0.000000000000000000e+00
1.836296523575499151e+01,0.000000000000000000e+00
2.392276161431483672e+01,0.000000000000000000e+00
1.884733444927089252e+01,0.000000000000000000e+00
2.204063643429260111e+01,0.000000000000000000e+00
1.890954023455791955e+01,0.000000000000000000e+00
2.016474437726873248e+01,0.000000000000000000e+00
2.006918152439067526e+01,0.000000000000000000e+00
2.007877951636994851e+01,0.000000000000000000e+00
2.318983446723713371e+01,0.000000000000000000e+00
1.778939547436884538e+01,0.000000000000000000e+00
2.269896775527552890e+01,0.000000000000000000e+00
2.127548051543089969e+01,0.000000000000000000e+00
1.656019715668082171e+01,0.000000000000000000e+00
1.872889127440756951e+01,0.000000000000000000e+00
2.100524825028976394e+01,0.000000000000000000e+00
1.875237857499813998e+01,0.000000000000000000e+00
2.326830536452897746e+01,0.000000000000000000e+00
1.984180064101797569e+01,0.000000000000000000e+00
2.403286903217211901e+01,0.000000000000000000e+00
2.089675104231867664e+01,0.000000000000000000e+00
1.726428252098080307e+01,0.000000000000000000e+00
2.020383276651855908e+01,0.000000000000000000e+00
2.006857661883753963e+01,0.000000000000000000e+00
2.155838462485031215e+01,0.000000000000000000e+00
1.865450487545792413e+01,0.000000000000000000e+00
1.569131327789177632e+01,0.000000000000000000e+00
1.926936246592061153e+01,0.000000000000000000e+00
2.083490923629619473e+01,0.000000000000000000e+00
1.868935459777653207e+01,0.000000000000000000e+00
1.995183606533026577e+01,0.000000000000000000e+00
1.753561220092941042e+01,0.000000000000000000e+00
1.527005817733767046e+01,0.000000000000000000e+00
2.042272095641830276e+01,0.000000000000000000e+00
1.597451154997227718e+01,0.000000000000000000e+00
2.079829214820693650e+01,0.000000000000000000e+00
2.029377099589801148e+01,0.000000000000000000e+00
2.099119282107987061e+01,0.000000000000000000e+00
1.898945422034523389e+01,0.000000000000000000e+00
1.886106812428607782e+01,0.000000000000000000e+00
2.292493097470586605e+01,0.000000000000000000e+00
2.188025688839089256e+01,0.000000000000000000e+00
1.984552078600002645e+01,0.000000000000000000e+00
2.118052681756555700e+01,0.000000000000000000e+00
2.059519598927438366e+01,0.000000000000000000e+00
2.296639034365761844e+01,0.000000000000000000e+00
1.948352332052853697e+01,0.000000000000000000e+00
2.040599293281109539e+01,0.000000000000000000e+00
2.063545840572140122e+01,0.000000000000000000e+00
2.078477972493110926e+01,0.000000000000000000e+00
1.934035944942401031e+01,0.000000000000000000e+00
2.154490309382638458e+01,0.000000000000000000e+00
1.939187536967952852e+01,0.000000000000000000e+00
2.156569583689007885e+01,0.000000000000000000e+00
1.835863725333019403e+01,0.000000000000000000e+00
1.801101759797263568e+01,0.000000000000000000e+00
2.240860727254317908e+01,0.000000000000000000e+00
2.116073652508261205e+01,0.000000000000000000e+00
1.979200426303145477e+01,0.000000000000000000e+00
1.858135741927451079e+01,0.000000000000000000e+00
1.988690213117470762e+01,0.000000000000000000e+00
2.288455133615743975e+01,0.000000000000000000e+00
2.060049439102670377e+01,0.000000000000000000e+00
1.921185698523608565e+01,0.000000000000000000e+00
1.854893132355439533e+01,0.000000000000000000e+00
2.248356248313751493e+01,0.000000000000000000e+00
2.170718255084698711e+01,0.000000000000000000e+00
2.036289231962588886e+01,0.000000000000000000e+00
1.837683031547453183e+01,0.000000000000000000e+00
2.196418045485576798e+01,0.000000000000000000e+00
2.062896612644919614e+01,0.000000000000000000e+00
2.101252920609450214e+01,0.000000000000000000e+00
1.757876710407009924e+01,0.000000000000000000e+00
2.165762632081801442e+01,0.000000000000000000e+00
1.691068444306724672e+01,0.000000000000000000e+00
2.154415070035823021e+01,0.000000000000000000e+00
2.163362212137643326e+01,0.000000000000000000e+00
2.096456181813984898e+01,0.000000000000000000e+00
1.992241946705605216e+01,0.000000000000000000e+00
2.134986558255010891e+01,0.000000000000000000e+00
2.077390532535306988e+01,0.000000000000000000e+00
2.247025880144101606e+01,0.000000000000000000e+00
2.113156986068829113e+01,0.000000000000000000e+00
1.996911770343879056e+01,0.000000000000000000e+00
1.707770722067363778e+01,0.000000000000000000e+00
2.064650685961707666e+01,0.000000000000000000e+00
2.252846425624093385e+01,0.000000000000000000e+00
2.371634101562244723e+01,0.000000000000000000e+00
2.222219836647346014e+01,0.000000000000000000e+00
2.061080310027262996e+01,0.000000000000000000e+00
1.961941589290904986e+01,0.000000000000000000e+00
2.150980078872507306e+01,0.000000000000000000e+00
1.885877051041767416e+01,0.000000000000000000e+00
2.059147143400015878e+01,0.000000000000000000e+00
2.198886079450925735e+01,0.000000000000000000e+00
1.650785338327180440e+01,0.000000000000000000e+00
2.165551098767959104e+01,0.000000000000000000e+00
2.150112732079465871e+01,0.000000000000000000e+00
1.777996019288123009e+01,0.000000000000000000e+00
2.006000302323554862e+01,0.000000000000000000e+00
1.942597691262720616e+01,0.000000000000000000e+00
2.152511587001585625e+01,0.000000000000000000e+00
2.080462410552431862e+01,0.000000000000000000e+00
2.180172355790964289e+01,0.000000000000000000e+00
1.804224671269745528e+01,0.000000000000000000e+00
2.299455093166621822e+01,0.000000000000000000e+00
1.973489403142431442e+01,0.000000000000000000e+00
1.882598901217908249e+01,0.000000000000000000e+00
1.884829659755191145e+01,0.000000000000000000e+00
1.712999137323643595e+01,0.000000000000000000e+00
1.900197130374307974e+01,0.000000000000000000e+00
1.758874948092319457e+01,0.000000000000000000e+00
1.917644622690641043e+01,0.000000000000000000e+00
1.828123643934540254e+01,0.000000000000000000e+00
2.213246767285850325e+01,0.000000000000000000e+00
1.756253426246792770e+01,0.000000000000000000e+00
2.063456203763780650e+01,0.000000000000000000e+00
1.803006061246781044e+01,0.000000000000000000e+00
2.232875835398367315e+01,0.000000000000000000e+00
2.567333981415994515e+01,0.000000000000000000e+00
1.853598668064227795e+01,0.000000000000000000e+00
1.800436892966147795e+01,0.000000000000000000e+00
2.206402577074082316e+01,0.000000000000000000e+00
2.391918496385896376e+01,0.000000000000000000e+00
2.008599760123692235e+01,0.000000000000000000e+00
1.912626668938846208e+01,0.000000000000000000e+00
2.215975294905809889e+01,0.000000000000000000e+00
1.529645679997778451e+01,0.000000000000000000e+00
2.103762080818775004e+01,0.000000000000000000e+00
2.117820589244493945e+01,0.000000000000000000e+00
1.598562148207869527e+01,0.000000000000000000e+00
2.046061602493877984e+01,0.000000000000000000e+00
2.040612280177133542e+01,0.000000000000000000e+00
1.837049682928302730e+01,0.000000000000000000e+00
1.975774693705233531e+01,0.000000000000000000e+00
1.917459556385181330e+01,0.000000000000000000e+00
1.992032991950319953e+01,0.000000000000000000e+00
2.208758035767641914e+01,0.000000000000000000e+00
1.904692848023293550e+01,0.000000000000000000e+00
1.947217172219968262e+01,0.000000000000000000e+00
2.161236934254903375e+01,0.000000000000000000e+00
1.764896384611925129e+01,0.000000000000000000e+00
1.974921019495713281e+01,0.000000000000000000e+00
1.868326694089974538e+01,0.000000000000000000e+00
2.034550337136202103e+01,0.000000000000000000e+00
1.930066563132585955e+01,0.000000000000000000e+00
2.113381872852962218e+01,0.000000000000000000e+00
2.367576397071401928e+01,0.000000000000000000e+00
2.166506370682587601e+01,0.000000000000000000e+00
6.347654500620021167e+01,0.000000000000000000e+00
7.014863089025571696e+01,0.000000000000000000e+00
6.866900859129397361e+01,0.000000000000000000e+00
6.447455670901220515e+01,0.000000000000000000e+00
6.571533101007328526e+01,0.000000000000000000e+00
6.897361876881521425e+01,0.000000000000000000e+00
6.557945075554958692e+01,0.000000000000000000e+00
7.019104834804907966e+01,0.000000000000000000e+00
6.767773259799453456e+01,0.000000000000000000e+00
7.053899534468833110e+01,0.000000000000000000e+00
6.684447805905152507e+01,0.000000000000000000e+00
6.921059954508685053e+01,0.000000000000000000e+00
7.933221811909875498e+01,0.000000000000000000e+00
8.096536082421366132e+01,0.000000000000000000e+00
7.708059177835679066e+01,0.000000000000000000e+00
7.897712549477357413e+01,0.000000000000000000e+00
7.788567801410032132e+01,0.000000000000000000e+00
7.837069731324973532e+01,0.000000000000000000e+00
7.708311351144331525e+01,0.000000000000000000e+00
7.637587170003892822e+01,0.000000000000000000e+00
8.086560064950107574e+01,0.000000000000000000e+00
7.503198781294078401e+01,0.000000000000000000e+00
7.807234217029719048e+01,0.000000000000000000e+00
7.780392313590367337e+01,0.000000000000000000e+00
7.953283159140784164e+01,0.000000000000000000e+00
8.131892596753256441e+01,0.000000000000000000e+00
7.415912193500312810e+01,0.000000000000000000e+00
7.930643568889034611e+01,0.000000000000000000e+00
8.190611312980537662e+01,0.000000000000000000e+00
8.200820604846147432e+01,0.000000000000000000e+00
7.949047922084949391e+01,0.000000000000000000e+00
7.873973073446545357e+01,0.000000000000000000e+00
8.001588211079825896e+01,0.000000000000000000e+00
8.302682648102405949e+01,0.000000000000000000e+00
8.153186857317200520e+01,0.000000000000000000e+00
7.862545461525012058e+01,0.000000000000000000e+00
8.052835496564181028e+01,0.000000000000000000e+00
8.279536491713759006e+01,0.000000000000000000e+00
7.787037132413294671e+01,0.000000000000000000e+00
7.857924409061944004e+01,0.000000000000000000e+00
8.223467609546757728e+01,0.000000000000000000e+00
8.271692679847200225e+01,0.000000000000000000e+00
7.710957345371534188e+01,0.000000000000000000e+00
7.979418239288806092e+01,0.000000000000000000e+00
8.070531810089286751e+01,0.000000000000000000e+00
8.110645153415239861e+01,0.000000000000000000e+00
8.197104397239745310e+01,0.000000000000000000e+00
7.897050084800872582e+01,0.000000000000000000e+00
8.142261313103129794e+01,0.000000000000000000e+00
8.007068774721427928e+01,0.000000000000000000e+00
8.070152411589759822e+01,0.000000000000000000e+00
8.104888378916204772e+01,0.000000000000000000e+00
7.732644067622881323e+01,0.000000000000000000e+00
8.008910889464183924e+01,0.000000000000000000e+00
8.140611490774774950e+01,0.000000000000000000e+00
7.959995954815387620e+01,0.000000000000000000e+00
8.005921513021968394e+01,0.000000000000000000e+00
7.932289242829496345e+01,0.000000000000000000e+00
8.070696222599831060e+01,0.000000000000000000e+00
8.125968835631789489e+01,0.000000000000000000e+00
8.080397992052731126e+01,0.000000000000000000e+00
7.990623414888122511e+01,0.000000000000000000e+00
8.045549184400320541e+01,0.000000000000000000e+00
7.708400766072961119e+01,0.000000000000000000e+00
8.115967804932392937e+01,0.000000000000000000e+00
8.097098868854483555e+01,0.000000000000000000e+00
8.392605789296138141e+01,0.000000000000000000e+00
8.262064198722001152e+01,0.000000000000000000e+00
8.170808738693934004e+01,0.000000000000000000e+00
7.998819450641344986e+01,0.000000000000000000e+00
7.858935552608870978e+01,0.000000000000000000e+00
7.762359708019933180e+01,0.000000000000000000e+00
7.802918577591846372e+01,0.000000000000000000e+00
8.255598193467641011e+01,0.000000000000000000e+00
8.031507147178487571e+01,0.000000000000000000e+00
8.338592629733525996e+01,0.000000000000000000e+00
8.184875590312637428e+01,0.000000000000000000e+00
8.084725922974764956e+01,0.000000000000000000e+00
8.330275266684049029e+01,0.000000000000000000e+00
7.998631952983652127e+01,0.000000000000000000e+00
8.364740048984253917e+01,0.000000000000000000e+00
8.027852328383603719e+01,0.000000000000000000e+00
7.654729684111464394e+01,0.000000000000000000e+00
8.053119309764963418e+01,0.000000000000000000e+00
7.962986409932420884e+01,0.000000000000000000e+00
8.151882373814068217e+01,0.000000000000000000e+00
8.365135781495652623e+01,0.000000000000000000e+00
7.812865289744802055e+01,0.000000000000000000e+00
8.379360200155576877e+01,0.000000000000000000e+00
8.439958596535225865e+01,0.000000000000000000e+00
8.284415683432591493e+01,0.000000000000000000e+00
7.974445426838214246e+01,0.000000000000000000e+00
7.989930321259153345e+01,0.000000000000000000e+00
7.700668023188725897e+01,0.000000000000000000e+00
8.015527524829124673e+01,0.000000000000000000e+00
8.413486492375905357e+01,0.000000000000000000e+00
7.813088838510122969e+01,0.000000000000000000e+00
7.851751456510963578e+01,0.000000000000000000e+00
7.855300998829852688e+01,0.000000000000000000e+00
8.009483447194263306e+01,0.000000000000000000e+00
7.977645369874625203e+01,0.000000000000000000e+00
7.983335277669851848e+01,0.000000000000000000e+00
7.970781168619437551e+01,0.000000000000000000e+00
8.081375148121158247e+01,0.000000000000000000e+00
8.225014134885644523e+01,0.000000000000000000e+00
8.121774280293759318e+01,0.000000000000000000e+00
8.293922437654457269e+01,0.000000000000000000e+00
8.304069754908798018e+01,0.000000000000000000e+00
3.176670842953824447e+01,0.000000000000000000e+00
3.289922515772928335e+01,0.000000000000000000e+00
3.499103553854225623e+01,0.000000000000000000e+00
3.530228688413490801e+01,0.000000000000000000e+00
3.360151479735478830e+01,0.000000000000000000e+00
3.547383382629512028e+01,0.000000000000000000e+00
3.370591303395849536e+01,0.000000000000000000e+00
3.162044330847032825e+01,0.000000000000000000e+00
3.337179119659138138e+01,0.000000000000000000e+00
3.157461731541201644e+01,0.000000000000000000e+00
2.861380014296705809e+01,0.000000000000000000e+00
3.345529615418548985e+01,0.000000000000000000e+00
2.284371380608842017e+01,0.000000000000000000e+00
2.592013272306105165e+01,0.000000000000000000e+00
2.195968598346738077e+01,0.000000000000000000e+00
2.379662867028827478e+01,0.000000000000000000e+00
2.501787087101001106e+01,0.000000000000000000e+00
1.825323349179500454e+01,0.000000000000000000e+00
2.393212018403498931e+01,0.000000000000000000e+00
2.313044828974447142e+01,0.000000000000000000e+00
2.485395947131053873e+01,0.000000000000000000e+00
2.443999168882951167e+01,0.000000000000000000e+00
2.493283199989414101e+01,0.000000000000000000e+00
1.988736704219254392e+01,0.000000000000000000e+00
2.100115627588237288e+01,0.000000000000000000e+00
2.195766612625869385e+01,0.000000000000000000e+00
1.721601254109465629e+01,0.000000000000000000e+00
1.975448478418323361e+01,0.000000000000000000e+00
1.856638401298592100e+01,0.000000000000000000e+00
1.700743292789188388e+01,0.000000000000000000e+00
2.232691733494807451e+01,0.000000000000000000e+00
1.948325230295234789e+01,0.000000000000000000e+00
2.036787788393006338e+01,0.000000000000000000e+00
1.888481943769785687e+01,0.000000000000000000e+00
1.709282634198384443e+01,0.000000000000000000e+00
2.099434837792137998e+01,0.000000000000000000e+00
1.904996094298142140e+01,0.000000000000000000e+00
2.173632677965548510e+01,0.000000000000000000e+00
2.186820839759798218e+01,0.000000000000000000e+00
2.030240369414718771e+01,0.000000000000000000e+00
2.248472660598445572e+01,0.000000000000000000e+00
1.809591075249246472e+01,0.000000000000000000e+00
2.356172029757333064e+01,0.000000000000000000e+00
1.824591760380439354e+01,0.000000000000000000e+00
2.045402979403933941e+01,0.000000000000000000e+00
1.661489776977804667e+01,0.000000000000000000e+00
2.323828883841875736e+01,0.000000000000000000e+00
1.895274156681324840e+01,0.000000000000000000e+00
1.985614464531679246e+01,0.000000000000000000e+00
2.142324896585468608e+01,0.000000000000000000e+00
1.914500371623544339e+01,0.000000000000000000e+00
2.098688079635493864e+01,0.000000000000000000e+00
2.079716471085428964e+01,0.000000000000000000e+00
1.815817256456992013e+01,0.000000000000000000e+00
2.305680102569441559e+01,0.000000000000000000e+00
2.096672659286838680e+01,0.000000000000000000e+00
2.116136561245334491e+01,0.000000000000000000e+00
1.958290209848529528e+01,0.000000000000000000e+00
1.773463528631841157e+01,0.000000000000000000e+00
1.997467602291751732e+01,0.000000000000000000e+00
2.165082701281666289e+01,0.000000000000000000e+00
1.855340526243666943e+01,0.000000000000000000e+00
1.997210763207174367e+01,0.000000000000000000e+00
1.740226468204092214e+01,0.000000000000000000e+00
1.840874756057773709e+01,0.000000000000000000e+00
1.759301594936943047e+01,0.000000000000000000e+00
1.971193023431771252e+01,0.000000000000000000e+00
1.785881661978761770e+01,0.000000000000000000e+00
1.863021302664925472e+01,0.000000000000000000e+00
1.724349998181660482e+01,0.000000000000000000e+00
1.754295989305477121e+01,0.000000000000000000e+00
2.121425731072478627e+01,0.000000000000000000e+00
1.976989299809696377e+01,0.000000000000000000e+00
1.782866042970662690e+01,0.000000000000000000e+00
2.070731142537203340e+01,0.000000000000000000e+00
2.191082123110157553e+01,0.000000000000000000e+00
2.264230283908677421e+01,0.000000000000000000e+00
1.957645783155212627e+01,0.000000000000000000e+00
1.924796659243247632e+01,0.000000000000000000e+00
1.902454135627989729e+01,0.000000000000000000e+00
1.923525182199304950e+01,0.000000000000000000e+00
2.280289266720129859e+01,0.000000000000000000e+00
2.224739384667761755e+01,0.000000000000000000e+00
1.930907536286651194e+01,0.000000000000000000e+00
1.854090728974216162e+01,0.000000000000000000e+00
1.769205286092240925e+01,0.000000000000000000e+00
1.837736036572382048e+01,0.000000000000000000e+00
1.943853946247475051e+01,0.000000000000000000e+00
2.213627747786554423e+01,0.000000000000000000e+00
2.111241646380582182e+01,0.000000000000000000e+00
2.158705511261833365e+01,0.000000000000000000e+00
1.946612068324585465e+01,0.000000000000000000e+00
1.779721656608082370e+01,0.000000000000000000e+00
1.908505802846956101e+01,0.000000000000000000e+00
2.193078942143870691e+01,0.000000000000000000e+00
1.972448094049726919e+01,0.000000000000000000e+00
2.313995557476172493e+01,0.000000000000000000e+00
1.676365182129145026e+01,0.000000000000000000e+00
1.738360640159577386e+01,0.000000000000000000e+00
2.123575046593380122e+01,0.000000000000000000e+00
1.839436125962392765e+01,0.000000000000000000e+00
2.207147357469479587e+01,0.000000000000000000e+00
2.262246946038549567e+01,0.000000000000000000e+00
2.281311753164278144e+01,0.000000000000000000e+00
1.978170493702831934e+01,0.000000000000000000e+00
2.089442658191251923e+01,0.000000000000000000e+00
1.778877778523018449e+01,0.000000000000000000e+00
2.011995234687538670e+01,0.000000000000000000e+00
2.045719150677509646e+01,0.000000000000000000e+00
1.731034778681005548e+01,0.000000000000000000e+00
2.221674305799513860e+01,0.000000000000000000e+00
2.083115859801618086e+01,0.000000000000000000e+00
2.146261422879195990e+01,0.000000000000000000e+00
2.100251456167272579e+01,0.000000000000000000e+00
2.299977255978723178e+01,0.000000000000000000e+00
1.731968874992937302e+01,0.000000000000000000e+00
1.781210176970870407e+01,0.000000000000000000e+00
1.883895565863337751e+01,0.000000000000000000e+00
1.819155039372356342e+01,0.000000000000000000e+00
2.191565638110810710e+01,0.000000000000000000e+00
2.012519815350436403e+01,0.000000000000000000e+00
2.181541505694388405e+01,0.000000000000000000e+00
1.894804511198321606e+01,0.000000000000000000e+00
2.244724280918120840e+01,0.000000000000000000e+00
2.011946271783244100e+01,0.000000000000000000e+00
1.744257019788548746e+01,0.000000000000000000e+00
1.965590261254140714e+01,0.000000000000000000e+00
1.778247793391984999e+01,0.000000000000000000e+00
2.186919768990869173e+01,0.000000000000000000e+00
1.949976074256181491e+01,0.000000000000000000e+00
1.946667945124108812e+01,0.000000000000000000e+00
2.140989650927548027e+01,0.000000000000000000e+00
1.994248858556506931e+01,0.000000000000000000e+00
1.808974481930584588e+01,0.000000000000000000e+00
2.010273943772194372e+01,0.000000000000000000e+00
1.886002836582950337e+01,0.000000000000000000e+00
2.139066023580100762e+01,0.000000000000000000e+00
2.102172834679523561e+01,0.000000000000000000e+00
1.584231375739643610e+01,0.000000000000000000e+00
1.900336066140103242e+01,0.000000000000000000e+00
2.314002757830214563e+01,0.000000000000000000e+00
1.849924279905262381e+01,0.000000000000000000e+00
2.050540404964577590e+01,0.000000000000000000e+00
1.919034386011297499e+01,0.000000000000000000e+00
2.041016831347932836e+01,0.000000000000000000e+00
1.779889816817636827e+01,0.000000000000000000e+00
1.770033422647765065e+01,0.000000000000000000e+00
1.817590588916123551e+01,0.000000000000000000e+00
1.820708724536694945e+01,0.000000000000000000e+00
2.010350803918830920e+01,0.000000000000000000e+00
2.085872336009752459e+01,0.000000000000000000e+00
1.961326387644579938e+01,0.000000000000000000e+00
1.786842944815322198e+01,0.000000000000000000e+00
2.039559740097297436e+01,0.000000000000000000e+00
1.997673178393926463e+01,0.000000000000000000e+00
2.400145031733492118e+01,0.000000000000000000e+00
2.166589967856917198e+01,0.000000000000000000e+00
1.969229276935278961e+01,0.000000000000000000e+00
2.430742357618203187e+01,0.000000000000000000e+00
1.875755467562101941e+01,0.000000000000000000e+00
2.229230069570056827e+01,0.000000000000000000e+00
2.034069609693704450e+01,0.000000000000000000e+00
1.730276692472709854e+01,0.000000000000000000e+00
2.101904222488923679e+01,0.000000000000000000e+00
1.774775645741924279e+01,0.000000000000000000e+00
1.887707893089254441e+01,0.000000000000000000e+00
2.344023688147717266e+01,0.000000000000000000e+00
2.063015309560329769e+01,0.000000000000000000e+00
1.903576067323484011e+01,0.000000000000000000e+00
2.084622065103497235e+01,0.000000000000000000e+00
2.026574815130438978e+01,0.000000000000000000e+00
2.175831577905902847e+01,0.000000000000000000e+00
1.510530534380671952e+01,0.000000000000000000e+00
1.956708106688705584e+01,0.000000000000000000e+00
1.673353683394384461e+01,0.000000000000000000e+00
1.991990675784804665e+01,0.000000000000000000e+00
2.161047918554021408e+01,0.000000000000000000e+00
2.157504897451085313e+01,0.000000000000000000e+00
2.293394788542585161e+01,0.000000000000000000e+00
2.076194250669465546e+01,0.000000000000000000e+00
6.817876810802476939e+01,0.000000000000000000e+00
6.738645735656689340e+01,0.000000000000000000e+00
7.029055172500768833e+01,0.000000000000000000e+00
6.824907380421745984e+01,0.000000000000000000e+00
6.566503136974294819e+01,0.000000000000000000e+00
6.725187511944093899e+01,0.000000000000000000e+00
6.534884129421314469e+01,0.000000000000000000e+00
6.608777352335185640e+01,0.000000000000000000e+00
6.928569675133847738e+01,0.000000000000000000e+00
6.843272268833882777e+01,0.000000000000000000e+00
6.777560070589589714e+01,0.000000000000000000e+00
6.892395669524954371e+01,0.000000000000000000e+00
7.441438437018452134e+01,0.000000000000000000e+00
7.584326617391583625e+01,0.000000000000000000e+00
7.733413234178489404e+01,0.000000000000000000e+00
7.560678672690960411e+01,0.000000000000000000e+00
7.446955956105780672e+01,0.000000000000000000e+00
7.731290979487182824e+01,0.000000000000000000e+00
7.898738508962290439e+01,0.000000000000000000e+00
7.611667177531391815e+01,0.000000000000000000e+00
7.782637027614747183e+01,0.000000000000000000e+00
7.715131313957634518e+01,0.000000000000000000e+00
7.500777265251653603e+01,0.000000000000000000e+00
8.202753746287964987e+01,0.000000000000000000e+00
8.159905472483524136e+01,0.000000000000000000e+00
7.993773016118753105e+01,0.000000000000000000e+00
8.095046009019380051e+01,0.000000000000000000e+00
7.955653757719237262e+01,0.000000000000000000e+00
8.168738908911842600e+01,0.000000000000000000e+00
8.401434557955590776e+01,0.000000000000000000e+00
7.650460492648574018e+01,0.000000000000000000e+00
7.584084284542957732e+01,0.000000000000000000e+00
7.872972854856439540e+01,0.000000000000000000e+00
7.683688194948250327e+01,0.000000000000000000e+00
7.892847214591949978e+01,0.000000000000000000e+00
8.149790364966497691e+01,0.000000000000000000e+00
7.855828702837925448e+01,0.000000000000000000e+00
7.855069946788640323e+01,0.000000000000000000e+00
7.991834586159309595e+01,0.000000000000000000e+00
8.265422441921614904e+01,0.000000000000000000e+00
8.034600784150609343e+01,0.000000000000000000e+00
7.596063202637910194e+01,0.000000000000000000e+00
7.634084319577310396e+01,0.000000000000000000e+00
7.992585539293608576e+01,0.000000000000000000e+00
7.742814602883245811e+01,0.000000000000000000e+00
7.937518994028341979e+01,0.000000000000000000e+00
7.875474181237234461e+01,0.000000000000000000e+00
7.930472934786280348e+01,0.000000000000000000e+00
7.795566037899949663e+01,0.000000000000000000e+00
8.094901392301784426e+01,0.000000000000000000e+00
8.208214755553983366e+01,0.000000000000000000e+00
8.273312319718013441e+01,0.000000000000000000e+00
7.912104496013304811e+01,0.000000000000000000e+00
7.997294393047728533e+01,0.000000000000000000e+00
8.092978203261890258e+01,0.000000000000000000e+00
7.669634480939738808e+01,0.000000000000000000e+00
8.003361079708469106e+01,0.000000000000000000e+00
7.978866713413502509e+01,0.000000000000000000e+00
7.603538847528190558e+01,0.000000000000000000e+00
8.097760985913974707e+01,0.000000000000000000e+00
7.843303832270171938e+01,0.000000000000000000e+00
7.833724754257347911e+01,0.000000000000000000e+00
7.897864758413790298e+01,0.000000000000000000e+00
7.850322087991378339e+01,0.000000000000000000e+00
8.076500660476224880e+01,0.000000000000000000e+00
7.988650896817880209e+01,0.000000000000000000e+00
7.828272097153801212e+01,0.000000000000000000e+00
8.168134384234222978e+01,0.000000000000000000e+00
7.943333824646452967e+01,0.000000000000000000e+00
7.754375420959803478e+01,0.000000000000000000e+00
7.995860451931307011e+01,0.000000000000000000e+00
7.892775514377770207e+01,0.000000000000000000e+00
7.726447257052724638e+01,0.000000000000000000e+00
7.861879657672920985e+01,0.000000000000000000e+00
7.796406381123422591e+01,0.000000000000000000e+00
8.105434239102432059e+01,0.000000000000000000e+00
7.988211464482685642e+01,0.000000000000000000e+00
7.724847827002375311e+01,0.000000000000000000e+00
8.064915354111262502e+01,0.000000000000000000e+00
8.084156270221012619e+01,0.000000000000000000e+00
8.058320127900648799e+01,0.000000000000000000e+00
8.184953098383638803e+01,0.000000000000000000e+00
7.843345052618522573e+01,0.000000000000000000e+00
7.509824452115722693e+01,0.000000000000000000e+00
8.435279996720186091e+01,0.000000000000000000e+00
7.839261062146850634e+01,0.000000000000000000e+00
8.015029470069319473e+01,0.000000000000000000e+00
8.229013181561582257e+01,0.000000000000000000e+00
7.912241086598849904e+01,0.000000000000000000e+00
7.999822064442804503e+01,0.000000000000000000e+00
7.957920895808662465e+01,0.000000000000000000e+00
8.206053781508637712e+01,0.000000000000000000e+00
7.941771533474101830e+01,0.000000000000000000e+00
7.918428048179391965e+01,0.000000000000000000e+00
8.177026483045466421e+01,0.000000000000000000e+00
7.802488846315486626e+01,0.000000000000000000e+00
7.968404464436710555e+01,0.000000000000000000e+00
8.297589901469356732e+01,0.000000000000000000e+00
7.990671965745987393e+01,0.000000000000000000e+00
7.752364633535363225e+01,0.000000000000000000e+00
7.913431621078530043e+01,0.000000000000000000e+00
7.868899738990415926e+01,0.000000000000000000e+00
8.036992049068128097e+01,0.000000000000000000e+00
8.400022328014610196e+01,0.000000000000000000e+00
7.891094725226538742e+01,0.000000000000000000e+00
8.219460806601183833e+01,0.000000000000000000e+00
8.099839828922850415e+01,0.000000000000000000e+00
7.678619706763663544e+01,0.000000000000000000e+00
3.159788513141236166e+01,0.000000000000000000e+00
3.110677330198824109e+01,0.000000000000000000e+00
3.134483181215622594e+01,0.000000000000000000e+00
3.395503817036192373e+01,0.000000000000000000e+00
3.301248116737448157e+01,0.000000000000000000e+00
3.458587233236104197e+01,0.000000000000000000e+00
3.049706543302961848e+01,0.000000000000000000e+00
3.047716777510072106e+01,0.000000000000000000e+00
3.084933264612805104e+01,0.000000000000000000e+00
3.147810797529619720e+01,0.000000000000000000e+00
3.341983673520174136e+01,0.000000000000000000e+00
3.115514432680754453e+01,0.000000000000000000e+00
2.119468461406579962e+01,0.000000000000000000e+00
2.346695265183047852e+01,0.000000000000000000e+00
1.888702658752653463e+01,0.000000000000000000e+00
2.374993612124532305e+01,0.000000000000000000e+00
2.100050047469304459e+01,0.000000000000000000e+00
2.284117058114349774e+01,0.000000000000000000e+00
1.836472793810861504e+01,0.000000000000000000e+00
2.364258466874430908e+01,0.000000000000000000e+00
2.098710479537174933e+01,0.000000000000000000e+00
2.165213788150421337e+01,0.000000000000000000e+00
2.751851181339895902e+01,0.000000000000000000e+00
2.590864922949696236e+01,0.000000000000000000e+00
2.406122284934572164e+01,0.000000000000000000e+00
2.058101527856170776e+01,0.000000000000000000e+00
1.947188312247387643e+01,0.000000000000000000e+00
1.948384420425988495e+01,0.000000000000000000e+00
2.295840781346419135e+01,0.000000000000000000e+00
2.001324342441683513e+01,0.000000000000000000e+00
2.179601268874713327e+01,0.000000000000000000e+00
2.283437527496731434e+01,0.000000000000000000e+00
1.876399296654160054e+01,0.000000000000000000e+00
1.729092389492480564e+01,0.000000000000000000e+00
2.089668829059255373e+01,0.000000000000000000e+00
2.078486765263766500e+01,0.000000000000000000e+00
2.243737624460635161e+01,0.000000000000000000e+00
2.075334247424695988e+01,0.000000000000000000e+00
2.356629290900492890e+01,0.000000000000000000e+00
1.954175328002601120e+01,0.000000000000000000e+00
1.855058990431461297e+01,0.000000000000000000e+00
1.817162146038964821e+01,0.000000000000000000e+00
2.186977702455220651e+01,0.000000000000000000e+00
1.957985582034262961e+01,0.000000000000000000e+00
1.723492949347933489e+01,0.000000000000000000e+00
2.006608657929939099e+01,0.000000000000000000e+00
2.280432915425955898e+01,0.000000000000000000e+00
2.244644024743035260e+01,0.000000000000000000e+00
1.767705795993102313e+01,0.000000000000000000e+00
2.291051503768849074e+01,0.000000000000000000e+00
1.760259653237516275e+01,0.000000000000000000e+00
1.853422066088362641e+01,0.000000000000000000e+00
1.976203643855462744e+01,0.000000000000000000e+00
2.158874786338422780e+01,0.000000000000000000e+00
1.875071612533567844e+01,0.000000000000000000e+00
2.313474453458530888e+01,0.000000000000000000e+00
2.197337680628384859e+01,0.000000000000000000e+00
2.392571729811088943e+01,0.000000000000000000e+00
2.374605622663754900e+01,0.000000000000000000e+00
2.096429296444498291e+01,0.000000000000000000e+00
2.062993159588088332e+01,0.000000000000000000e+00
1.636528885364613828e+01,0.000000000000000000e+00
1.800345971143070756e+01,0.000000000000000000e+00
1.980330318172171289e+01,0.000000000000000000e+00
2.217663817903531154e+01,0.000000000000000000e+00
1.874369187778924584e+01,0.000000000000000000e+00
1.816133026279536367e+01,0.000000000000000000e+00
2.167875847382465793e+01,0.000000000000000000e+00
1.859414242201107470e+01,0.000000000000000000e+00
1.595266681596291036e+01,0.000000000000000000e+00
1.968769913718011111e+01,0.000000000000000000e+00
2.198655271554898150e+01,0.000000000000000000e+00
2.049245060906219962e+01,0.000000000000000000e+00
2.080288496800520548e+01,0.000000000000000000e+00
2.161665619784286818e+01,0.000000000000000000e+00
1.939405215492204348e+01,0.000000000000000000e+00
2.088061899397933274e+01,0.000000000000000000e+00
2.152908695966931418e+01,0.000000000000000000e+00
1.892251126607563805e+01,0.000000000000000000e+00
1.675822605002569787e+01,0.000000000000000000e+00
1.913379373895364566e+01,0.000000000000000000e+00
2.187086827788049703e+01,0.000000000000000000e+00
1.860475108678447143e+01,0.000000000000000000e+00
2.183619700045228740e+01,0.000000000000000000e+00
2.062818245013953344e+01,0.000000000000000000e+00
1.985818924578573075e+01,0.000000000000000000e+00
1.633988812611126917e+01,0.000000000000000000e+00
1.834987690315135467e+01,0.000000000000000000e+00
1.792610879564798410e+01,0.000000000000000000e+00
1.760301323740663904e+01,0.000000000000000000e+00
1.695760695606021429e+01,0.000000000000000000e+00
1.659625323296426203e+01,0.000000000000000000e+00
1.738798941434938783e+01,0.000000000000000000e+00
2.036203857279029705e+01,0.000000000000000000e+00
2.026310147182416088e+01,0.000000000000000000e+00
2.320099508868454308e+01,0.000000000000000000e+00
2.141323854561077411e+01,0.000000000000000000e+00
1.891927751990763085e+01,0.000000000000000000e+00
2.138903100749092445e+01,0.000000000000000000e+00
2.244121262685965945e+01,0.000000000000000000e+00
2.255147586347403177e+01,0.000000000000000000e+00
2.021268581678596377e+01,0.000000000000000000e+00
1.990366823017000897e+01,0.000000000000000000e+00
2.002276934714408441e+01,0.000000000000000000e+00
2.050859887737997056e+01,0.000000000000000000e+00
2.009794146185170405e+01,0.000000000000000000e+00
1.929606191301250107e+01,0.000000000000000000e+00
1.947554629921014779e+01,0.000000000000000000e+00
1.987626366700816050e+01,0.000000000000000000e+00
1.852742570316300785e+01,0.000000000000000000e+00
1.905309414620712971e+01,0.000000000000000000e+00
1.870062799193878789e+01,0.000000000000000000e+00
1.903605764262961131e+01,0.000000000000000000e+00
2.191106606997870543e+01,0.000000000000000000e+00
1.665766249456667580e+01,0.000000000000000000e+00
1.930070301057860149e+01,0.000000000000000000e+00
2.237905629893285919e+01,0.000000000000000000e+00
2.460637905756980359e+01,0.000000000000000000e+00
1.892054109448762844e+01,0.000000000000000000e+00
2.387602347434455652e+01,0.000000000000000000e+00
1.984116873433557515e+01,0.000000000000000000e+00
1.645937271589197337e+01,0.000000000000000000e+00
1.951344155782836864e+01,0.000000000000000000e+00
2.042519765653460340e+01,0.000000000000000000e+00
2.456019629742856125e+01,0.000000000000000000e+00
2.038527249286952170e+01,0.000000000000000000e+00
1.980322145261906996e+01,0.000000000000000000e+00
1.866050712527185595e+01,0.000000000000000000e+00
2.166666074478705539e+01,0.000000000000000000e+00
2.274773964123015446e+01,0.000000000000000000e+00
2.035995197918089872e+01,0.000000000000000000e+00
1.806665563189372037e+01,0.000000000000000000e+00
1.920813899675695069e+01,0.000000000000000000e+00
1.925225726541209781e+01,0.000000000000000000e+00
2.356142354737282574e+01,0.000000000000000000e+00
1.903017581808400038e+01,0.000000000000000000e+00
2.026430179126911213e+01,0.000000000000000000e+00
2.094540507208694180e+01,0.000000000000000000e+00
2.221363067423830628e+01,0.000000000000000000e+00
1.877917002654392675e+01,0.000000000000000000e+00
1.985202232044624893e+01,0.000000000000000000e+00
2.152179678688565900e+01,0.000000000000000000e+00
2.303277435350520008e+01,0.000000000000000000e+00
1.554576507570926047e+01,0.000000000000000000e+00
2.210966655870482356e+01,0.000000000000000000e+00
1.971340051742104293e+01,0.000000000000000000e+00
2.151024720610907437e+01,0.000000000000000000e+00
1.859006957003728999e+01,0.000000000000000000e+00
1.822072793654921341e+01,0.000000000000000000e+00
2.262206371959317153e+01,0.000000000000000000e+00
1.888434450819890387e+01,0.000000000000000000e+00
1.846405696755834924e+01,0.000000000000000000e+00
1.668694820587547412e+01,0.000000000000000000e+00
1.825385080514649161e+01,0.000000000000000000e+00
1.899239061182439059e+01,0.000000000000000000e+00
1.874773449604940012e+01,0.000000000000000000e+00
1.783707143121880634e+01,0.000000000000000000e+00
1.735441017996375734e+01,0.000000000000000000e+00
1.912370167817127253e+01,0.000000000000000000e+00
2.842068272218941161e+01,0.000000000000000000e+00
2.107787495417042578e+01,0.000000000000000000e+00
1.928190328269888454e+01,0.000000000000000000e+00
1.820953370910416069e+01,0.000000000000000000e+00
2.096782984091737845e+01,0.000000000000000000e+00
2.004847420621336340e+01,0.000000000000000000e+00
1.668135194377979502e+01,0.000000000000000000e+00
2.211672318845289809e+01,0.000000000000000000e+00
1.904836663019042575e+01,0.000000000000000000e+00
2.012750994234071200e+01,0.000000000000000000e+00
1.954851931817305655e+01,0.000000000000000000e+00
2.134376980538566571e+01,0.000000000000000000e+00
2.149581987266198624e+01,0.000000000000000000e+00
2.091426086532830197e+01,0.000000000000000000e+00
2.090379318132880115e+01,0.000000000000000000e+00
2.119479087090136105e+01,0.000000000000000000e+00
1.896486198407446722e+01,0.000000000000000000e+00
2.351986995836163885e+01,0.000000000000000000e+00
1.948105042410401921e+01,0.000000000000000000e+00
2.359347700503085932e+01,0.000000000000000000e+00
2.119283639397168528e+01,0.000000000000000000e+00
6.707743623042554759e+01,0.000000000000000000e+00
6.800110930540276399e+01,0.000000000000000000e+00
7.001070744784226463e+01,0.000000000000000000e+00
6.751873945127850618e+01,0.000000000000000000e+00
6.589229628044350306e+01,0.000000000000000000e+00
6.693547506226886412e+01,0.000000000000000000e+00
6.462319116665425156e+01,0.000000000000000000e+00
6.280158191136861490e+01,0.000000000000000000e+00
6.730718085980201693e+01,0.000000000000000000e+00
6.749038368210341332e+01,0.000000000000000000e+00
6.529434740603997511e+01,0.000000000000000000e+00
6.630842081973833047e+01,0.000000000000000000e+00
7.468813146188078633e+01,0.000000000000000000e+00
7.566755416857921546e+01,0.000000000000000000e+00
7.853091977139476398e+01,0.000000000000000000e+00
7.365592776130519326e+01,0.000000000000000000e+00
7.597456259268727763e+01,0.000000000000000000e+00
7.909086157857063881e+01,0.000000000000000000e+00
7.595877570611921215e+01,0.000000000000000000e+00
7.996233949283039522e+01,0.000000000000000000e+00
7.865027829820920147e+01,0.000000000000000000e+00
7.893909241803213206e+01,0.000000000000000000e+00
7.489871556505164563e+01,0.000000000000000000e+00
7.575872388654599376e+01,0.000000000000000000e+00
7.934775701164758743e+01,0.000000000000000000e+00
8.076373766001523791e+01,0.000000000000000000e+00
7.926009898056742031e+01,0.000000000000000000e+00
7.959137592428595553e+01,0.000000000000000000e+00
8.130268409264712659e+01,0.000000000000000000e+00
7.821268153302695225e+01,0.000000000000000000e+00
7.720342956766116060e+01,0.000000000000000000e+00
8.070865749149939461e+01,0.000000000000000000e+00
7.832923757866643655e+01,0.000000000000000000e+00
8.021604415069174365e+01,0.000000000000000000e+00
8.190594272026451961e+01,0.000000000000000000e+00
7.497336034270308858e+01,0.000000000000000000e+00
8.029444770267106435e+01,0.000000000000000000e+00
7.759693597157017564e+01,0.000000000000000000e+00
7.719005832203406214e+01,0.000000000000000000e+00
7.801784403556841596e+01,0.000000000000000000e+00
8.007427971902208697e+01,0.000000000000000000e+00
8.198071558249061752e+01,0.000000000000000000e+00
8.269549384160163186e+01,0.000000000000000000e+00
8.050266861259071050e+01,0.000000000000000000e+00
7.724248761978969924e+01,0.000000000000000000e+00
8.013040269824669792e+01,0.000000000000000000e+00
7.887205867851119478e+01,0.000000000000000000e+00
8.028671731125572819e+01,0.000000000000000000e+00
7.931020843800011733e+01,0.000000000000000000e+00
8.195638828218662297e+01,0.000000000000000000e+00
8.093331626087613984e+01,0.000000000000000000e+00
8.139242143744591829e+01,0.000000000000000000e+00
7.638790657275347940e+01,0.000000000000000000e+00
8.118869816065581801e+01,0.000000000000000000e+00
7.878935132188804857e+01,0.000000000000000000e+00
7.578860848920628257e+01,0.000000000000000000e+00
8.203107368357154883e+01,0.000000000000000000e+00
8.118582877642236895e+01,0.000000000000000000e+00
8.046123749135192327e+01,0.000000000000000000e+00
7.918015051143667904e+01,0.000000000000000000e+00
7.606308362982142057e+01,0.000000000000000000e+00
7.949879627936093129e+01,0.000000000000000000e+00
7.770654790032845938e+01,0.000000000000000000e+00
7.776483894714355927e+01,0.000000000000000000e+00
7.997158322280795062e+01,0.000000000000000000e+00
7.787407620814319387e+01,0.000000000000000000e+00
7.862125802973395139e+01,0.000000000000000000e+00
8.048263565412896980e+01,0.000000000000000000e+00
8.050014498847235700e+01,0.000000000000000000e+00
8.310162985701585114e+01,0.000000000000000000e+00
7.915820730500686864e+01,0.000000000000000000e+00
7.953399657583265991e+01,0.000000000000000000e+00
8.238295912578291791e+01,0.000000000000000000e+00
7.834537818945264576e+01,0.000000000000000000e+00
7.779285106230206281e+01,0.000000000000000000e+00
8.104212994156672778e+01,0.000000000000000000e+00
7.775762331935413840e+01,0.000000000000000000e+00
8.080065813991780033e+01,0.000000000000000000e+00
8.207763255203717279e+01,0.000000000000000000e+00
7.589445241374301077e+01,0.000000000000000000e+00
7.878307915889631374e+01,0.000000000000000000e+00
8.125679613327099560e+01,0.000000000000000000e+00
8.099070825067873614e+01,0.000000000000000000e+00
7.818420328332109648e+01,0.000000000000000000e+00
8.102281120705318074e+01,0.000000000000000000e+00
8.021403013450466801e+01,0.000000000000000000e+00
7.833864799427051651e+01,0.000000000000000000e+00
8.099137964077127094e+01,0.000000000000000000e+00
8.122077903612198213e+01,0.000000000000000000e+00
7.824201257392518016e+01,0.000000000000000000e+00
7.993397343463401228e+01,0.000000000000000000e+00
8.015628491888267604e+01,0.000000000000000000e+00
8.202913026026105570e+01,0.000000000000000000e+00
7.913198218016624708e+01,0.000000000000000000e+00
8.164180400816047722e+01,0.000000000000000000e+00
8.271086972422520489e+01,0.000000000000000000e+00
8.074294350341163806e+01,0.000000000000000000e+00
8.204268090557414439e+01,0.000000000000000000e+00
7.897978249407746887e+01,0.000000000000000000e+00
8.117830907751151415e+01,0.000000000000000000e+00
8.142984508311363356e+01,0.000000000000000000e+00
7.804567048726966050e+01,0.000000000000000000e+00
8.027520869406239967e+01,0.000000000000000000e+00
8.081305906968663066e+01,0.000000000000000000e+00
8.178370798002353581e+01,0.000000000000000000e+00
7.783553527061397403e+01,0.000000000000000000e+00
7.896035886889896460e+01,0.000000000000000000e+00
8.242534728604353234e+01,0.000000000000000000e+00
3.283361601668958230e+01,0.000000000000000000e+00
3.226385819062192439e+01,0.000000000000000000e+00
3.039614688087800687e+01,0.000000000000000000e+00
2.965337202013481033e+01,0.000000000000000000e+00
3.207658536722412634e+01,0.000000000000000000e+00
2.860294805792650408e+01,0.000000000000000000e+00
2.985331443583513078e+01,0.000000000000000000e+00
3.105487861109218173e+01,0.000000000000000000e+00
3.364226009723132904e+01,0.000000000000000000e+00
3.118109788958615169e+01,0.000000000000000000e+00
3.494747025093234782e+01,0.000000000000000000e+00
3.669861628097006445e+01,0.000000000000000000e+00
2.835242470746085175e+01,0.000000000000000000e+00
2.160759815879152512e+01,0.000000000000000000e+00
2.490590629740756157e+01,0.000000000000000000e+00
2.326481497503299423e+01,0.000000000000000000e+00
2.429047676877950579e+01,0.000000000000000000e+00
1.911193034718420236e+01,0.000000000000000000e+00
2.359747814756567763e+01,0.000000000000000000e+00
2.454484408740553292e+01,0.000000000000000000e+00
2.140133967778816881e+01,0.000000000000000000e+00
2.502277782442374487e+01,0.000000000000000000e+00
2.519278250171207389e+01,0.000000000000000000e+00
2.143079617713974017e+01,0.000000000000000000e+00
2.064728951046545902e+01,0.000000000000000000e+00
2.369377943585483948e+01,0.000000000000000000e+00
1.993625702042936254e+01,0.000000000000000000e+00
2.269902870547157647e+01,0.000000000000000000e+00
2.143396140259019589e+01,0.000000000000000000e+00
2.035275481243226992e+01,0.000000000000000000e+00
2.140749024469933204e+01,0.000000000000000000e+00
1.906481651034537705e+01,0.000000000000000000e+00
2.211079551483493333e+01,0.000000000000000000e+00
2.142708355073586191e+01,0.000000000000000000e+00
2.029993343113502391e+01,0.000000000000000000e+00
2.168382823984775243e+01,0.000000000000000000e+00
1.928922614174141970e+01,0.000000000000000000e+00
1.972733563295906123e+01,0.000000000000000000e+00
2.106594634722846493e+01,0.000000000000000000e+00
2.059170911621278321e+01,0.000000000000000000e+00
2.184358818204696817e+01,0.000000000000000000e+00
2.028999875954924903e+01,0.000000000000000000e+00
2.132072080381243850e+01,0.000000000000000000e+00
1.820269602495292105e+01,0.000000000000000000e+00
1.997987313987705704e+01,0.000000000000000000e+00
2.527309807200296987e+01,0.000000000000000000e+00
1.736264576843209895e+01,0.000000000000000000e+00
1.842174914122550078e+01,0.000000000000000000e+00
2.394699154302266209e+01,0.000000000000000000e+00
1.987268127541872076e+01,0.000000000000000000e+00
1.907196514445289637e+01,0.000000000000000000e+00
2.236346519286487933e+01,0.000000000000000000e+00
2.020279212034234106e+01,0.000000000000000000e+00
1.879022831768538282e+01,0.000000000000000000e+00
2.207280550286801812e+01,0.000000000000000000e+00
1.912100227561088417e+01,0.000000000000000000e+00
1.984041681420344005e+01,0.000000000000000000e+00
2.360268699156566541e+01,0.000000000000000000e+00
1.772555885555405553e+01,0.000000000000000000e+00
2.264299732511225116e+01,0.000000000000000000e+00
2.017071144049974762e+01,0.000000000000000000e+00
1.974369972146283558e+01,0.000000000000000000e+00
2.161533519887125010e+01,0.000000000000000000e+00
2.198799665749959331e+01,0.000000000000000000e+00
2.157698758654254689e+01,0.000000000000000000e+00
1.759537499514408410e+01,0.000000000000000000e+00
2.268413445844372589e+01,0.000000000000000000e+00
2.030234791256074800e+01,0.000000000000000000e+00
2.034264478311008517e+01,0.000000000000000000e+00
2.043751054840157266e+01,0.000000000000000000e+00
1.707097974755779646e+01,0.000000000000000000e+00
1.895413489853261524e+01,0.000000000000000000e+00
2.345925003593406899e+01,0.000000000000000000e+00
1.695024864939740894e+01,0.000000000000000000e+00
2.668800499795464631e+01,0.000000000000000000e+00
2.160514219820936788e+01,0.000000000000000000e+00
1.997553614131228628e+01,0.000000000000000000e+00
1.959114801895397662e+01,0.000000000000000000e+00
1.849965672722697008e+01,0.000000000000000000e+00
1.876666498425774066e+01,0.000000000000000000e+00
2.262907427695968465e+01,0.000000000000000000e+00
1.803465057322901188e+01,0.000000000000000000e+00
2.092030595478021482e+01,0.000000000000000000e+00
1.843202634198928180e+01,0.000000000000000000e+00
2.144586050626568863e+01,0.000000000000000000e+00
1.792329388780331101e+01,0.000000000000000000e+00
1.967129808075902275e+01,0.000000000000000000e+00
1.842334314100192216e+01,0.000000000000000000e+00
2.040187179906193293e+01,0.000000000000000000e+00
2.290714783760465068e+01,0.000000000000000000e+00
1.842631844524294138e+01,0.000000000000000000e+00
1.937870037432466575e+01,0.000000000000000000e+00
1.844285349256139384e+01,0.000000000000000000e+00
1.966136707209199486e+01,0.000000000000000000e+00
2.175734321619373901e+01,0.000000000000000000e+00
2.095907418441454340e+01,0.000000000000000000e+00
2.238056610965644566e+01,0.000000000000000000e+00
1.807192576307041421e+01,0.000000000000000000e+00
2.179045609819718976e+01,0.000000000000000000e+00
1.892771924441950304e+01,0.000000000000000000e+00
1.925963672265364934e+01,0.000000000000000000e+00
1.947419447731657627e+01,0.000000000000000000e+00
2.076340801967618077e+01,0.000000000000000000e+00
2.057205449828457944e+01,0.000000000000000000e+00
2.324340049823350540e+01,0.000000000000000000e+00
1.897482700875944062e+01,0.000000000000000000e+00
1.648362785445994305e+01,0.000000000000000000e+00
1.710666203752305137e+01,0.000000000000000000e+00
2.037591293307011853e+01,0.000000000000000000e+00
1.730205700837909433e+01,0.000000000000000000e+00
2.389386792657113290e+01,0.000000000000000000e+00
1.786046653977337684e+01,0.000000000000000000e+00
2.002156104536490133e+01,0.000000000000000000e+00
2.242093869053430666e+01,0.000000000000000000e+00
2.274512560565012009e+01,0.000000000000000000e+00
1.972072249524259391e+01,0.000000000000000000e+00
2.089453153946673325e+01,0.000000000000000000e+00
2.028046328068574056e+01,0.000000000000000000e+00
1.818207640770260980e+01,0.000000000000000000e+00
2.125185369093393817e+01,0.000000000000000000e+00
2.192657781448054521e+01,0.000000000000000000e+00
2.134869777530855472e+01,0.000000000000000000e+00
2.203229468763392163e+01,0.000000000000000000e+00
2.048325334142236898e+01,0.000000000000000000e+00
1.947287648484405054e+01,0.000000000000000000e+00
2.028194455072010882e+01,0.000000000000000000e+00
1.669448522872530560e+01,0.000000000000000000e+00
2.300289840975029776e+01,0.000000000000000000e+00
1.707460202033551866e+01,0.000000000000000000e+00
1.870169009685089279e+01,0.000000000000000000e+00
2.096386065599897464e+01,0.000000000000000000e+00
2.159476866415719698e+01,0.000000000000000000e+00
1.894648998247386373e+01,0.000000000000000000e+00
1.682613173932617201e+01,0.000000000000000000e+00
1.926520835409898780e+01,0.000000000000000000e+00
2.307936988697795755e+01,0.000000000000000000e+00
2.226459232400252475e+01,0.000000000000000000e+00
2.229107973216142469e+01,0.000000000000000000e+00
1.984929309388036600e+01,0.000000000000000000e+00
1.638791703739190808e+01,0.000000000000000000e+00
2.011681059486595657e+01,0.000000000000000000e+00
2.078960822520384255e+01,0.000000000000000000e+00
2.310066975156119895e+01,0.000000000000000000e+00
1.525272905882433960e+01,0.000000000000000000e+00
1.927199465607685624e+01,0.000000000000000000e+00
1.957187852563130548e+01,0.000000000000000000e+00
2.167129264558329638e+01,0.000000000000000000e+00
2.304054760847488836e+01,0.000000000000000000e+00
1.830116710327468610e+01,0.000000000000000000e+00
2.069344066260887516e+01,0.000000000000000000e+00
2.375520747974236002e+01,0.000000000000000000e+00
1.848015742115996929e+01,0.000000000000000000e+00
1.928949592134052793e+01,0.000000000000000000e+00
1.933931141748541904e+01,0.000000000000000000e+00
1.961009189843391098e+01,0.000000000000000000e+00
2.010616460596458666e+01,0.000000000000000000e+00
1.958524614958730226e+01,0.000000000000000000e+00
2.060571660206180766e+01,0.000000000000000000e+00
1.834075114833779097e+01,0.000000000000000000e+00
2.358365414007795380e+01,0.000000000000000000e+00
1.684315859768999601e+01,0.000000000000000000e+00
1.942040425372500323e+01,0.000000000000000000e+00
1.844100139431182228e+01,0.000000000000000000e+00
2.040831794621753303e+01,0.000000000000000000e+00
1.846735849252094752e+01,0.000000000000000000e+00
2.136756146702699510e+01,0.000000000000000000e+00
2.080335205180287872e+01,0.000000000000000000e+00
2.108420145160954462e+01,0.000000000000000000e+00
1.925327910371838058e+01,0.000000000000000000e+00
2.070469238374027299e+01,0.000000000000000000e+00
2.025439105374268678e+01,0.000000000000000000e+00
2.151100107380162285e+01,0.000000000000000000e+00
2.097621343962419971e+01,0.000000000000000000e+00
2.015281995403907089e+01,0.000000000000000000e+00
1.383412963491089442e+01,0.000000000000000000e+00
2.192394676872582338e+01,0.000000000000000000e+00
2.347292116653895278e+01,0.000000000000000000e+00
1.970125335314326520e+01,0.000000000000000000e+00
2.130296995207741162e+01,0.000000000000000000e+00
2.061568845934433014e+01,0.000000000000000000e+00
6.843981738070310428e+01,0.000000000000000000e+00
6.949638849766651560e+01,0.000000000000000000e+00
6.941521038672907196e+01,0.000000000000000000e+00
6.828127884919231860e+01,0.000000000000000000e+00
6.798561408878019563e+01,0.000000000000000000e+00
6.846078468699039377e+01,0.000000000000000000e+00
6.884170920306395658e+01,0.000000000000000000e+00
6.850000414346519051e+01,0.000000000000000000e+00
6.554692481687496297e+01,0.000000000000000000e+00
6.881199448465615376e+01,0.000000000000000000e+00
6.984751025335674512e+01,0.000000000000000000e+00
6.887237935981902126e+01,0.000000000000000000e+00
8.071101960525304264e+01,0.000000000000000000e+00
7.998623539624331613e+01,0.000000000000000000e+00
7.385187606402857341e+01,0.000000000000000000e+00
8.047466404264169171e+01,0.000000000000000000e+00
7.551073645020470337e+01,0.000000000000000000e+00
7.772021574682960932e+01,0.000000000000000000e+00
8.004221056377036803e+01,0.000000000000000000e+00
7.993378634394883875e+01,0.000000000000000000e+00
7.761711958431943970e+01,0.000000000000000000e+00
7.203115486742319717e+01,0.000000000000000000e+00
7.692772918283452555e+01,0.000000000000000000e+00
7.894399986778505252e+01,0.000000000000000000e+00
7.547131577459872176e+01,0.000000000000000000e+00
8.198125291043302809e+01,0.000000000000000000e+00
7.658747335532721934e+01,0.000000000000000000e+00
8.294930860365070657e+01,0.000000000000000000e+00
7.974073501993446200e+01,0.000000000000000000e+00
7.794256350321948901e+01,0.000000000000000000e+00
7.597223392687310195e+01,0.000000000000000000e+00
7.965331311972711603e+01,0.000000000000000000e+00
7.930819777656459735e+01,0.000000000000000000e+00
7.686559787390368115e+01,0.000000000000000000e+00
7.605906898093651591e+01,0.000000000000000000e+00
7.915841145052236527e+01,0.000000000000000000e+00
7.649874356034473522e+01,0.000000000000000000e+00
7.921518840958846397e+01,0.000000000000000000e+00
8.393051822588661537e+01,0.000000000000000000e+00
8.137095986428846572e+01,0.000000000000000000e+00
8.275438731882097443e+01,0.000000000000000000e+00
8.046663852648542559e+01,0.000000000000000000e+00
8.228416243044290468e+01,0.000000000000000000e+00
8.160274908096916135e+01,0.000000000000000000e+00
7.890754368036660082e+01,0.000000000000000000e+00
8.141349226827756524e+01,0.000000000000000000e+00
7.948844365666617762e+01,0.000000000000000000e+00
7.702213603358427463e+01,0.000000000000000000e+00
7.974824571296299780e+01,0.000000000000000000e+00
8.189224066588099049e+01,0.000000000000000000e+00
8.060182036506793679e+01,0.000000000000000000e+00
8.210277612797214886e+01,0.000000000000000000e+00
8.122337488903774272e+01,0.000000000000000000e+00
7.801510402178709569e+01,0.000000000000000000e+00
7.997261514939847871e+01,0.000000000000000000e+00
7.799730934939644555e+01,0.000000000000000000e+00
7.846676248935094122e+01,0.000000000000000000e+00
8.360992664729759838e+01,0.000000000000000000e+00
7.847332598302604367e+01,0.000000000000000000e+00
7.806426824063848358e+01,0.000000000000000000e+00
8.061983106668441224e+01,0.000000000000000000e+00
8.415086222660954718e+01,0.000000000000000000e+00
7.831045120991211661e+01,0.000000000000000000e+00
8.043765838203620433e+01,0.000000000000000000e+00
8.069315544801746398e+01,0.000000000000000000e+00
7.989069544532729594e+01,0.000000000000000000e+00
8.318927709839748275e+01,0.000000000000000000e+00
8.295870339146564731e+01,0.000000000000000000e+00
8.342635061276243391e+01,0.000000000000000000e+00
8.133031488441426404e+01,0.000000000000000000e+00
8.523029115035150483e+01,0.000000000000000000e+00
7.965237783769093483e+01,0.000000000000000000e+00
7.646325834968017432e+01,0.000000000000000000e+00
7.793644867153207656e+01,0.000000000000000000e+00
7.728564732019722783e+01,0.000000000000000000e+00
7.929952962818924789e+01,0.000000000000000000e+00
8.341238356704252510e+01,0.000000000000000000e+00
8.115322440458567144e+01,0.000000000000000000e+00
7.800209982096259864e+01,0.000000000000000000e+00
8.047108274347954193e+01,0.000000000000000000e+00
8.002310801357646142e+01,0.000000000000000000e+00
7.940671883887156923e+01,0.000000000000000000e+00
8.022249526658173124e+01,0.000000000000000000e+00
7.829873413797184867e+01,0.000000000000000000e+00
7.884884025231355054e+01,0.000000000000000000e+00
7.563853554916587996e+01,0.000000000000000000e+00
7.817254191316308720e+01,0.000000000000000000e+00
8.183497487700257977e+01,0.000000000000000000e+00
7.907157133138395011e+01,0.000000000000000000e+00
8.121666275441978655e+01,0.000000000000000000e+00
8.069571714409889296e+01,0.000000000000000000e+00
7.900318992946220931e+01,0.000000000000000000e+00
7.860005056491338848e+01,0.000000000000000000e+00
8.103066712835105534e+01,0.000000000000000000e+00
8.011127813695256350e+01,0.000000000000000000e+00
7.635824820170100224e+01,0.000000000000000000e+00
7.724641343388951498e+01,0.000000000000000000e+00
8.501669826953647657e+01,0.000000000000000000e+00
8.161804118242973516e+01,0.000000000000000000e+00
8.019652775941449363e+01,0.000000000000000000e+00
8.014480520565437871e+01,0.000000000000000000e+00
7.916609095138105090e+01,0.000000000000000000e+00
7.912968668028338470e+01,0.000000000000000000e+00
8.284650551546349107e+01,0.000000000000000000e+00
7.841674109935725312e+01,0.000000000000000000e+00
8.145178121652061520e+01,0.000000000000000000e+00
7.950010152238237993e+01,0.000000000000000000e+00
7.981919678769141058e+01,0.000000000000000000e+00
3.072216803519803463e+01,0.000000000000000000e+00
3.399989684385751332e+01,0.000000000000000000e+00
3.291678077367073740e+01,0.000000000000000000e+00
3.073946614887671558e+01,0.000000000000000000e+00
2.936961966522041223e+01,0.000000000000000000e+00
3.346710511169477087e+01,0.000000000000000000e+00
2.856721438611587160e+01,0.000000000000000000e+00
3.157094722859208957e+01,0.000000000000000000e+00
3.247852764267311443e+01,0.000000000000000000e+00
3.615801662020436424e+01,0.000000000000000000e+00
3.284141389321269600e+01,0.000000000000000000e+00
3.149422547437956510e+01,0.000000000000000000e+00
2.147812475640326824e+01,0.000000000000000000e+00
2.050754833468215921e+01,0.000000000000000000e+00
2.086651874985141575e+01,0.000000000000000000e+00
2.015568196344912977e+01,0.000000000000000000e+00
2.265963251204704321e+01,0.000000000000000000e+00
2.142082224794539869e+01,0.000000000000000000e+00
2.388828262096807364e+01,0.000000000000000000e+00
2.216380245821712691e+01,0.000000000000000000e+00
2.325734644390399097e+01,0.000000000000000000e+00
1.868467714487053399e+01,0.000000000000000000e+00
2.117316033680034337e+01,0.000000000000000000e+00
2.128798700850896353e+01,0.000000000000000000e+00
1.934454389369568617e+01,0.000000000000000000e+00
2.052970977006577513e+01,0.000000000000000000e+00
2.075727022642210429e+01,0.000000000000000000e+00
2.272284017080282581e+01,0.000000000000000000e+00
2.193407951755094132e+01,0.000000000000000000e+00
2.006925790241914953e+01,0.000000000000000000e+00
1.843737436126211193e+01,0.000000000000000000e+00
1.947745270949464214e+01,0.000000000000000000e+00
1.879897234074342904e+01,0.000000000000000000e+00
1.894073468901958535e+01,0.000000000000000000e+00
2.085783981680201649e+01,0.000000000000000000e+00
2.296573992765867445e+01,0.000000000000000000e+00
2.175435215336170458e+01,0.000000000000000000e+00
2.012014143764204732e+01,0.000000000000000000e+00
1.915838907579132666e+01,0.000000000000000000e+00
1.936426463028484335e+01,0.000000000000000000e+00
1.809564723474201742e+01,0.000000000000000000e+00
1.780033839438674548e+01,0.000000000000000000e+00
1.921759665366913339e+01,0.000000000000000000e+00
1.834836643107209042e+01,0.000000000000000000e+00
2.127821199606517411e+01,0.000000000000000000e+00
1.996648625427870982e+01,0.000000000000000000e+00
2.335191249181439943e+01,0.000000000000000000e+00
2.070498264709715386e+01,0.000000000000000000e+00
2.460348996197727445e+01,0.000000000000000000e+00
1.891081794253635096e+01,0.000000000000000000e+00
1.975987426145874437e+01,0.000000000000000000e+00
2.179219316137352536e+01,0.000000000000000000e+00
2.432527265145576223e+01,0.000000000000000000e+00
2.105007304952745173e+01,0.000000000000000000e+00
1.866290920400642506e+01,0.000000000000000000e+00
1.998217052935375904e+01,0.000000000000000000e+00
1.654209204836798008e+01,0.000000000000000000e+00
1.902728924622376994e+01,0.000000000000000000e+00
2.432631397731966416e+01,0.000000000000000000e+00
2.144823142671242522e+01,0.000000000000000000e+00
2.260831350615483260e+01,0.000000000000000000e+00
2.249168808427075206e+01,0.000000000000000000e+00
1.671853766666633945e+01,0.000000000000000000e+00
2.286857307293148622e+01,0.000000000000000000e+00
1.904325651803985764e+01,0.000000000000000000e+00
2.155923104456773132e+01,0.000000000000000000e+00
2.072346746959435748e+01,0.000000000000000000e+00
2.035298566423676192e+01,0.000000000000000000e+00
2.115236987254630563e+01,0.000000000000000000e+00
2.033852238680634983e+01,0.000000000000000000e+00
2.122664668021803180e+01,0.000000000000000000e+00
2.302649628276157756e+01,0.000000000000000000e+00
1.881490501071221999e+01,0.000000000000000000e+00
2.109522963516218752e+01,0.000000000000000000e+00
2.111746705549554193e+01,0.000000000000000000e+00
2.000907219993052877e+01,0.000000000000000000e+00
2.045113698522484214e+01,0.000000000000000000e+00
1.905140406905926653e+01,0.000000000000000000e+00
2.228327310027395569e+01,0.000000000000000000e+00
2.204766925900885610e+01,0.000000000000000000e+00
2.048083630379435505e+01,0.000000000000000000e+00
2.359086918711419756e+01,0.000000000000000000e+00
2.184668606603100116e+01,0.000000000000000000e+00
1.769913463009152466e+01,0.000000000000000000e+00
2.129473747987066545e+01,0.000000000000000000e+00
1.633893662547839654e+01,0.000000000000000000e+00
1.855116090278525220e+01,0.000000000000000000e+00
2.111489197604966606e+01,0.000000000000000000e+00
1.945519859223347225e+01,0.000000000000000000e+00
1.630395815304846252e+01,0.000000000000000000e+00
1.676502652793130110e+01,0.000000000000000000e+00
2.301568105052231061e+01,0.000000000000000000e+00
2.241024124750980917e+01,0.000000000000000000e+00
1.994005161278413851e+01,0.000000000000000000e+00
2.346871407153911804e+01,0.000000000000000000e+00
1.889641528929729475e+01,0.000000000000000000e+00
2.154694244851716434e+01,0.000000000000000000e+00
1.990672474088417587e+01,0.000000000000000000e+00
2.054462047934062241e+01,0.000000000000000000e+00
1.948899071146800921e+01,0.000000000000000000e+00
2.140345022046782120e+01,0.000000000000000000e+00
1.727385997638591064e+01,0.000000000000000000e+00
1.972535273769149455e+01,0.000000000000000000e+00
1.840775256917198632e+01,0.000000000000000000e+00
1.818784210363346432e+01,0.000000000000000000e+00
2.276676393428317624e+01,0.000000000000000000e+00
2.034984554889487995e+01,0.000000000000000000e+00
1.834727175108406527e+01,0.000000000000000000e+00
1.514474211281006077e+01,0.000000000000000000e+00
2.259404072483117432e+01,0.000000000000000000e+00
1.791156929452381164e+01,0.000000000000000000e+00
2.091523863132948691e+01,0.000000000000000000e+00
2.122871083218639754e+01,0.000000000000000000e+00
1.986233452941359445e+01,0.000000000000000000e+00
2.044774819211321670e+01,0.000000000000000000e+00
1.781094363900103872e+01,0.000000000000000000e+00
2.017646701747647597e+01,0.000000000000000000e+00
1.881940670125252879e+01,0.000000000000000000e+00
1.715128162993847383e+01,0.000000000000000000e+00
1.707241885121309366e+01,0.000000000000000000e+00
1.681553797390694527e+01,0.000000000000000000e+00
2.097243184783264525e+01,0.000000000000000000e+00
2.018688190994306453e+01,0.000000000000000000e+00
2.029934480640950412e+01,0.000000000000000000e+00
1.789582195526763542e+01,0.000000000000000000e+00
2.085689388791167431e+01,0.000000000000000000e+00
1.838103459454242739e+01,0.000000000000000000e+00
2.224245162475146032e+01,0.000000000000000000e+00
2.316750538821399275e+01,0.000000000000000000e+00
1.791351287278479631e+01,0.000000000000000000e+00
2.322567542871145818e+01,0.000000000000000000e+00
1.809414036966144579e+01,0.000000000000000000e+00
1.787447643509839779e+01,0.000000000000000000e+00
1.806480091654646714e+01,0.000000000000000000e+00
1.997510534344707267e+01,0.000000000000000000e+00
2.369775180914902535e+01,0.000000000000000000e+00
2.169162522705624951e+01,0.000000000000000000e+00
1.937281974756899317e+01,0.000000000000000000e+00
1.749239996288517318e+01,0.000000000000000000e+00
2.029323667777139306e+01,0.000000000000000000e+00
2.013473811531889623e+01,0.000000000000000000e+00
1.715132652926840962e+01,0.000000000000000000e+00
1.804230134254231999e+01,0.000000000000000000e+00
2.182950719535610773e+01,0.000000000000000000e+00
2.053937439527335584e+01,0.000000000000000000e+00
1.981943404039967049e+01,0.000000000000000000e+00
1.927417598445178015e+01,0.000000000000000000e+00
2.063977613939531608e+01,0.000000000000000000e+00
1.996750684405612475e+01,0.000000000000000000e+00
1.862817011547559787e+01,0.000000000000000000e+00
1.907697625663762864e+01,0.000000000000000000e+00
2.025870362473691344e+01,0.000000000000000000e+00
1.879652777794013474e+01,0.000000000000000000e+00
2.261698895133261544e+01,0.000000000000000000e+00
2.289708407383896116e+01,0.000000000000000000e+00
2.041282819532332482e+01,0.000000000000000000e+00
1.959769016224086258e+01,0.000000000000000000e+00
1.790440646754900555e+01,0.000000000000000000e+00
1.669329436999518990e+01,0.000000000000000000e+00
1.904731030647335999e+01,0.000000000000000000e+00
1.616409994755112578e+01,0.000000000000000000e+00
2.294365977490312147e+01,0.000000000000000000e+00
2.132115450385198230e+01,0.000000000000000000e+00
1.846326359143401419e+01,0.000000000000000000e+00
2.283953149682936612e+01,0.000000000000000000e+00
1.890621000959968967e+01,0.000000000000000000e+00
1.699331394048934740e+01,0.000000000000000000e+00
1.971122670225961926e+01,0.000000000000000000e+00
2.385642739689697578e+01,0.000000000000000000e+00
1.849587660797623911e+01,0.000000000000000000e+00
2.071947204687129229e+01,0.000000000000000000e+00
1.971325736693848896e+01,0.000000000000000000e+00
2.201878707243726296e+01,0.000000000000000000e+00
1.776363656131198354e+01,0.000000000000000000e+00
2.139067192292364439e+01,0.000000000000000000e+00
2.083017698960405184e+01,0.000000000000000000e+00
1.820694220642549155e+01,0.000000000000000000e+00
1.743803281225635615e+01,0.000000000000000000e+00
1.705491559725884798e+01,0.000000000000000000e+00
1.934311067262243355e+01,0.000000000000000000e+00
6.764397274462004361e+01,0.000000000000000000e+00
6.712885030287934285e+01,0.000000000000000000e+00
6.960392981182643268e+01,0.000000000000000000e+00
6.782937343862708701e+01,0.000000000000000000e+00
6.780478539036069208e+01,0.000000000000000000e+00
6.958878889376278210e+01,0.000000000000000000e+00
7.071799976056281878e+01,0.000000000000000000e+00
6.783561767582847324e+01,0.000000000000000000e+00
7.267210150097928079e+01,0.000000000000000000e+00
6.972845562878340786e+01,0.000000000000000000e+00
6.906256974978734320e+01,0.000000000000000000e+00
6.611637819670256988e+01,0.000000000000000000e+00
7.526396037413424267e+01,0.000000000000000000e+00
7.737081240912957014e+01,0.000000000000000000e+00
7.817018865423733587e+01,0.000000000000000000e+00
8.196349570089039105e+01,0.000000000000000000e+00
7.730162846039820579e+01,0.000000000000000000e+00
7.550112656003440748e+01,0.000000000000000000e+00
7.789645270025683033e+01,0.000000000000000000e+00
7.961888701793080259e+01,0.000000000000000000e+00
7.678661989010775812e+01,0.000000000000000000e+00
7.862086029510972196e+01,0.000000000000000000e+00
7.720782391748009843e+01,0.000000000000000000e+00
7.751542075330294779e+01,0.000000000000000000e+00
8.449990317001069684e+01,0.000000000000000000e+00
8.030920947273833121e+01,0.000000000000000000e+00
7.572172958284116362e+01,0.000000000000000000e+00
8.094210158610846406e+01,0.000000000000000000e+00
8.306415093912227121e+01,0.000000000000000000e+00
8.056423242405097085e+01,0.000000000000000000e+00
7.868015361122868967e+01,0.000000000000000000e+00
7.471666721597230776e+01,0.000000000000000000e+00
7.871439237947252821e+01,0.000000000000000000e+00
8.058127003318375614e+01,0.000000000000000000e+00
8.110993899428915199e+01,0.000000000000000000e+00
8.127734212509474787e+01,0.000000000000000000e+00
8.028978784745272890e+01,0.000000000000000000e+00
7.684009943125731468e+01,0.000000000000000000e+00
8.050588382650093422e+01,0.000000000000000000e+00
7.946680865501527080e+01,0.000000000000000000e+00
8.168605107802808618e+01,0.000000000000000000e+00
7.965463713290212411e+01,0.000000000000000000e+00
8.082699412156382834e+01,0.000000000000000000e+00
8.137558318853429284e+01,0.000000000000000000e+00
8.000921178021771141e+01,0.000000000000000000e+00
8.257150944281298166e+01,0.000000000000000000e+00
7.845128601815228819e+01,0.000000000000000000e+00
7.821994280395011856e+01,0.000000000000000000e+00
8.153572373656871264e+01,0.000000000000000000e+00
7.921226905152113318e+01,0.000000000000000000e+00
8.269118651619628224e+01,0.000000000000000000e+00
8.064791077755162974e+01,0.000000000000000000e+00
8.200122342449792257e+01,0.000000000000000000e+00
7.896517815073723057e+01,0.000000000000000000e+00
7.984131073734859285e+01,0.000000000000000000e+00
8.065395477034851979e+01,0.000000000000000000e+00
7.932376596806984992e+01,0.000000000000000000e+00
7.766431766233725398e+01,0.000000000000000000e+00
8.082029004358295765e+01,0.000000000000000000e+00
8.025441745248454595e+01,0.000000000000000000e+00
8.010203778467882785e+01,0.000000000000000000e+00
7.651840630191495052e+01,0.000000000000000000e+00
8.003044488210036889e+01,0.000000000000000000e+00
8.314745129167063453e+01,0.000000000000000000e+00
7.899636395731161542e+01,0.000000000000000000e+00
7.938428306803712076e+01,0.000000000000000000e+00
7.886069690582394287e+01,0.000000000000000000e+00
8.247559891646147889e+01,0.000000000000000000e+00
7.883970287291124635e+01,0.000000000000000000e+00
7.860524720942215993e+01,0.000000000000000000e+00
8.130602388561739247e+01,0.000000000000000000e+00
8.201146969215099602e+01,0.000000000000000000e+00
8.192805709871031183e+01,0.000000000000000000e+00
7.744109225774106164e+01,0.000000000000000000e+00
7.982530834127115327e+01,0.000000000000000000e+00
8.070807861313389253e+01,0.000000000000000000e+00
7.602539224243689375e+01,0.000000000000000000e+00
7.872312383316992168e+01,0.000000000000000000e+00
8.010511936603354854e+01,0.000000000000000000e+00
7.806862588186191942e+01,0.000000000000000000e+00
7.894786743784507621e+01,0.000000000000000000e+00
8.277873675425139766e+01,0.000000000000000000e+00
8.112541885365345706e+01,0.000000000000000000e+00
8.092092359566319715e+01,0.000000000000000000e+00
8.005177629294773567e+01,0.000000000000000000e+00
7.917532144668955141e+01,0.000000000000000000e+00
7.873918697356677399e+01,0.000000000000000000e+00
8.162582140226443528e+01,0.000000000000000000e+00
7.920957279286832886e+01,0.000000000000000000e+00
7.967221012989986662e+01,0.000000000000000000e+00
8.001477167091445608e+01,0.000000000000000000e+00
8.099177064242969948e+01,0.000000000000000000e+00
8.032003117179348806e+01,0.000000000000000000e+00
8.225923659685685152e+01,0.000000000000000000e+00
7.697568338326341575e+01,0.000000000000000000e+00
7.894214260107291636e+01,0.000000000000000000e+00
7.733953420116741029e+01,0.000000000000000000e+00
8.533077777303832079e+01,0.000000000000000000e+00
7.950953035602736918e+01,0.000000000000000000e+00
8.125044672531564061e+01,0.000000000000000000e+00
7.936557019886768671e+01,0.000000000000000000e+00
8.174285078363176638e+01,0.000000000000000000e+00
8.147598308973495307e+01,0.000000000000000000e+00
8.197136229173023025e+01,0.000000000000000000e+00
7.820616780198153606e+01,0.000000000000000000e+00
8.268882711491424686e+01,0.000000000000000000e+00
7.584669205591103491e+01,0.000000000000000000e+00
7.918397688387321409e+01,0.000000000000000000e+00
3.409297006603619451e+01,0.000000000000000000e+00
3.142249054871832925e+01,0.000000000000000000e+00
3.153247589637538084e+01,0.000000000000000000e+00
3.129524608153002418e+01,0.000000000000000000e+00
3.005933310050546936e+01,0.000000000000000000e+00
2.962589206358262217e+01,0.000000000000000000e+00
3.350604162279147147e+01,0.000000000000000000e+00
3.108008277139774833e+01,0.000000000000000000e+00
3.022881857193321409e+01,0.000000000000000000e+00
3.288626415041600382e+01,0.000000000000000000e+00
3.496998907760546871e+01,0.000000000000000000e+00
3.225680817398536959e+01,0.000000000000000000e+00
2.445717673767648037e+01,0.000000000000000000e+00
2.236478704214842850e+01,0.000000000000000000e+00
2.215146169350882133e+01,0.000000000000000000e+00
2.150058511645190862e+01,0.000000000000000000e+00
2.113941002795153068e+01,0.000000000000000000e+00
2.228071436469408084e+01,0.000000000000000000e+00
2.413184362183722698e+01,0.000000000000000000e+00
2.266529175547044872e+01,0.000000000000000000e+00
2.154558745296663957e+01,0.000000000000000000e+00
2.227637634598184846e+01,0.000000000000000000e+00
2.140815814120485072e+01,0.000000000000000000e+00
2.072035625536036463e+01,0.000000000000000000e+00
1.822383776943565437e+01,0.000000000000000000e+00
2.474170617334929290e+01,0.000000000000000000e+00
2.090187044109715231e+01,0.000000000000000000e+00
1.898590710026977391e+01,0.000000000000000000e+00
2.341031225042992503e+01,0.000000000000000000e+00
2.315949238083835837e+01,0.000000000000000000e+00
1.878468362005185099e+01,0.000000000000000000e+00
2.007951300477335010e+01,0.000000000000000000e+00
2.153494329024761811e+01,0.000000000000000000e+00
2.040425958283620389e+01,0.000000000000000000e+00
2.045085773056409550e+01,0.000000000000000000e+00
2.077459738287604196e+01,0.000000000000000000e+00
2.143599961685222155e+01,0.000000000000000000e+00
2.069053141315701794e+01,0.000000000000000000e+00
2.116869068330702319e+01,0.000000000000000000e+00
2.007799547596253831e+01,0.000000000000000000e+00
1.766223111395957446e+01,0.000000000000000000e+00
2.214697354207375923e+01,0.000000000000000000e+00
2.145924712037075466e+01,0.000000000000000000e+00
2.145124816325819239e+01,0.000000000000000000e+00
2.311530438405555543e+01,0.000000000000000000e+00
1.694679707685425285e+01,0.000000000000000000e+00
2.325498956319288624e+01,0.000000000000000000e+00
2.280273073513883020e+01,0.000000000000000000e+00
1.818274984544568440e+01,0.000000000000000000e+00
1.743367674488463948e+01,0.000000000000000000e+00
1.973981937824832755e+01,0.000000000000000000e+00
2.107227246705463841e+01,0.000000000000000000e+00
1.898183310673372048e+01,0.000000000000000000e+00
2.084982953028235997e+01,0.000000000000000000e+00
2.002825458732104025e+01,0.000000000000000000e+00
2.018151929587300586e+01,0.000000000000000000e+00
1.832506958112589146e+01,0.000000000000000000e+00
1.809496066215210774e+01,0.000000000000000000e+00
1.912405726077940571e+01,0.000000000000000000e+00
2.003103026927679764e+01,0.000000000000000000e+00
2.085846137961625857e+01,0.000000000000000000e+00
2.330336015049934417e+01,0.000000000000000000e+00
2.027478560202012403e+01,0.000000000000000000e+00
1.607320471043082932e+01,0.000000000000000000e+00
2.280251204553571398e+01,0.000000000000000000e+00
1.982085592010399822e+01,0.000000000000000000e+00
1.935806199008312589e+01,0.000000000000000000e+00
2.324916723356428960e+01,0.000000000000000000e+00
2.216635278706899115e+01,0.000000000000000000e+00
2.092920183303143844e+01,0.000000000000000000e+00
2.168028057103103734e+01,0.000000000000000000e+00
2.040678259203914280e+01,0.000000000000000000e+00
2.278792525522582224e+01,0.000000000000000000e+00
2.105344061011267698e+01,0.000000000000000000e+00
1.936476818300206659e+01,0.000000000000000000e+00
2.204385876905816133e+01,0.000000000000000000e+00
2.192887644366239996e+01,0.000000000000000000e+00
1.644420295046700531e+01,0.000000000000000000e+00
2.193957245829054870e+01,0.000000000000000000e+00
2.069199712146600945e+01,0.000000000000000000e+00
2.120633068616915651e+01,0.000000000000000000e+00
2.158154645944951966e+01,0.000000000000000000e+00
1.923339153544396041e+01,0.000000000000000000e+00
2.063255095342419310e+01,0.000000000000000000e+00
1.666446248792124862e+01,0.000000000000000000e+00
1.890348926067277802e+01,0.000000000000000000e+00
1.853121276019189168e+01,0.000000000000000000e+00
1.824270838853708909e+01,0.000000000000000000e+00
1.575474419802546677e+01,0.000000000000000000e+00
1.908105039768988220e+01,0.000000000000000000e+00
2.022919619538934555e+01,0.000000000000000000e+00
1.861010445556300752e+01,0.000000000000000000e+00
1.902872903956910022e+01,0.000000000000000000e+00
2.009797477408668698e+01,0.000000000000000000e+00
1.971068874427160011e+01,0.000000000000000000e+00
1.743603934913985753e+01,0.000000000000000000e+00
2.611084875040331355e+01,0.000000000000000000e+00
1.892123077284911403e+01,0.000000000000000000e+00
1.572587559990521910e+01,0.000000000000000000e+00
1.995494279017691142e+01,0.000000000000000000e+00
1.952231031737590783e+01,0.000000000000000000e+00
1.732119525742522725e+01,0.000000000000000000e+00
2.025703481612447021e+01,0.000000000000000000e+00
2.065038332604792259e+01,0.000000000000000000e+00
1.855684554367471861e+01,0.000000000000000000e+00
2.034249179672622887e+01,0.000000000000000000e+00
2.232760530510288177e+01,0.000000000000000000e+00
1.756412310763811035e+01,0.000000000000000000e+00
2.142036070471006326e+01,0.000000000000000000e+00
2.228633916312646690e+01,0.000000000000000000e+00
2.107309881344349733e+01,0.000000000000000000e+00
2.206167596618875848e+01,0.000000000000000000e+00
1.870070495012364731e+01,0.000000000000000000e+00
1.710475712885560995e+01,0.000000000000000000e+00
2.103727305325710972e+01,0.000000000000000000e+00
1.744096921647231468e+01,0.000000000000000000e+00
2.058433681123227998e+01,0.000000000000000000e+00
2.127589844333456881e+01,0.000000000000000000e+00
1.875130781734393892e+01,0.000000000000000000e+00
2.087066856390761060e+01,0.000000000000000000e+00
2.404015901212195061e+01,0.000000000000000000e+00
2.036357678997347165e+01,0.000000000000000000e+00
1.823072289349186548e+01,0.000000000000000000e+00
1.958521988856384510e+01,0.000000000000000000e+00
2.036376796786886345e+01,0.000000000000000000e+00
1.979225472267683728e+01,0.000000000000000000e+00
2.224984264441517112e+01,0.000000000000000000e+00
1.762738036705596656e+01,0.000000000000000000e+00
2.261298041861640939e+01,0.000000000000000000e+00
2.348965136324873271e+01,0.000000000000000000e+00
1.705959932691612835e+01,0.000000000000000000e+00
2.102481213752074751e+01,0.000000000000000000e+00
1.935704712257167159e+01,0.000000000000000000e+00
2.104502151297979395e+01,0.000000000000000000e+00
2.240377816375001885e+01,0.000000000000000000e+00
2.247648821804116537e+01,0.000000000000000000e+00
2.013321714511760874e+01,0.000000000000000000e+00
2.145555207081363847e+01,0.000000000000000000e+00
2.068288170759735678e+01,0.000000000000000000e+00
2.109605228239168184e+01,0.000000000000000000e+00
1.375503760660236807e+01,0.000000000000000000e+00
2.060996099282597172e+01,0.000000000000000000e+00
1.766564147406143093e+01,0.000000000000000000e+00
2.250230916774642864e+01,0.000000000000000000e+00
1.974935399175605255e+01,0.000000000000000000e+00
2.109117749537642794e+01,0.000000000000000000e+00
1.894888656832042528e+01,0.000000000000000000e+00
1.887929555867756548e+01,0.000000000000000000e+00
2.141048103055743468e+01,0.000000000000000000e+00
2.162463305431963434e+01,0.000000000000000000e+00
2.057646250999250981e+01,0.000000000000000000e+00
1.957442887022617128e+01,0.000000000000000000e+00
1.709536476033838426e+01,0.000000000000000000e+00
1.892810449339471290e+01,0.000000000000000000e+00
2.139005989254006224e+01,0.000000000000000000e+00
2.163668153825928187e+01,0.000000000000000000e+00
2.036096135052997269e+01,0.000000000000000000e+00
2.181332691992794892e+01,0.000000000000000000e+00
1.869095848001641613e+01,0.000000000000000000e+00
1.750761684178014832e+01,0.000000000000000000e+00
2.022845624359424122e+01,0.000000000000000000e+00
1.907267935893551680e+01,0.000000000000000000e+00
2.255585054714356019e+01,0.000000000000000000e+00
1.473697042854645112e+01,0.000000000000000000e+00
1.834553752502783297e+01,0.000000000000000000e+00
2.060654805785487298e+01,0.000000000000000000e+00
2.154189987855682276e+01,0.000000000000000000e+00
2.065327139481755836e+01,0.000000000000000000e+00
1.836770175238304503e+01,0.000000000000000000e+00
1.746706277518315176e+01,0.000000000000000000e+00
2.051758883489515384e+01,0.000000000000000000e+00
2.022354818057344872e+01,0.000000000000000000e+00
1.692129219676137097e+01,0.000000000000000000e+00
2.037013073941226793e+01,0.000000000000000000e+00
2.165725528690657242e+01,0.000000000000000000e+00
2.069554019410046308e+01,0.000000000000000000e+00
1.782940861562587997e+01,0.000000000000000000e+00
2.287125191402170543e+01,0.000000000000000000e+00
2.177292364683806625e+01,0.000000000000000000e+00
2.039476097067938554e+01,0.000000000000000000e+00
6.629229694282021512e+01,0.000000000000000000e+00
6.684454056676410971e+01,0.000000000000000000e+00
6.840870150297473629e+01,0.000000000000000000e+00
6.630710373233090138e+01,0.000000000000000000e+00
7.014139255580369081e+01,0.000000000000000000e+00
6.561675716894279731e+01,0.000000000000000000e+00
6.860685701899723199e+01,0.000000000000000000e+00
6.471009795113113228e+01,0.000000000000000000e+00
6.694732526129691053e+01,0.000000000000000000e+00
6.913771911087772537e+01,0.000000000000000000e+00
6.314194697906621911e+01,0.000000000000000000e+00
6.943024668068225935e+01,0.000000000000000000e+00
7.484127507452522821e+01,0.000000000000000000e+00
7.827002630793327853e+01,0.000000000000000000e+00
7.958698640878466790e+01,0.000000000000000000e+00
7.770555453464130835e+01,0.000000000000000000e+00
7.163577559694833496e+01,0.000000000000000000e+00
7.833451288366120480e+01,0.000000000000000000e+00
7.764988214055415483e+01,0.000000000000000000e+00
7.924836662025062139e+01,0.000000000000000000e+00
7.813320007040034909e+01,0.000000000000000000e+00
7.388150135809193841e+01,0.000000000000000000e+00
7.311584438573258637e+01,0.000000000000000000e+00
7.848582638595792105e+01,0.000000000000000000e+00
8.110412488366874584e+01,0.000000000000000000e+00
7.939992498762580908e+01,0.000000000000000000e+00
8.233155494754615233e+01,0.000000000000000000e+00
7.993643480672433554e+01,0.000000000000000000e+00
7.949387703877276579e+01,0.000000000000000000e+00
8.190720365587175422e+01,0.000000000000000000e+00
7.808408393933858349e+01,0.000000000000000000e+00
8.094850442143271607e+01,0.000000000000000000e+00
8.133115163204273301e+01,0.000000000000000000e+00
8.460296401195228100e+01,0.000000000000000000e+00
8.028147786485681081e+01,0.000000000000000000e+00
8.162430673968970041e+01,0.000000000000000000e+00
8.016169744109141959e+01,0.000000000000000000e+00
8.119669942853590783e+01,0.000000000000000000e+00
7.711695578638892812e+01,0.000000000000000000e+00
7.969001691429690482e+01,0.000000000000000000e+00
8.132679013736149898e+01,0.000000000000000000e+00
8.045699758540931157e+01,0.000000000000000000e+00
8.166551716255493432e+01,0.000000000000000000e+00
7.793988433383449888e+01,0.000000000000000000e+00
7.876559342993772361e+01,0.000000000000000000e+00
8.080914250193760040e+01,0.000000000000000000e+00
8.296436134628170578e+01,0.000000000000000000e+00
8.146390639874968542e+01,0.000000000000000000e+00
8.089304411783760429e+01,0.000000000000000000e+00
8.119875763690325243e+01,0.000000000000000000e+00
8.264538330757260098e+01,0.000000000000000000e+00
7.915855372175450100e+01,0.000000000000000000e+00
7.891532168733058938e+01,0.000000000000000000e+00
7.603590839381386957e+01,0.000000000000000000e+00
7.955560170335758130e+01,0.000000000000000000e+00
8.194903533906639836e+01,0.000000000000000000e+00
8.012795146092631171e+01,0.000000000000000000e+00
8.021317282750290190e+01,0.000000000000000000e+00
7.818505424716244079e+01,0.000000000000000000e+00
8.081841749795911767e+01,0.000000000000000000e+00
8.120756331490997582e+01,0.000000000000000000e+00
7.890704099119581372e+01,0.000000000000000000e+00
8.522144395481214474e+01,0.000000000000000000e+00
8.127130856152376737e+01,0.000000000000000000e+00
8.054790527354056451e+01,0.000000000000000000e+00
7.753269049051507977e+01,0.000000000000000000e+00
7.729993936465341164e+01,0.000000000000000000e+00
8.252873605005983393e+01,0.000000000000000000e+00
8.249633405029243249e+01,0.000000000000000000e+00
7.648438440867320764e+01,0.000000000000000000e+00
8.130666567024761093e+01,0.000000000000000000e+00
8.056698260879375084e+01,0.000000000000000000e+00
7.676134448745676764e+01,0.000000000000000000e+00
8.281274596991600845e+01,0.000000000000000000e+00
8.208652144209365531e+01,0.000000000000000000e+00
8.085287673595769320e+01,0.000000000000000000e+00
7.820081210361666990e+01,0.000000000000000000e+00
7.757295047518226738e+01,0.000000000000000000e+00
7.996545113575419350e+01,0.000000000000000000e+00
8.018921946123829514e+01,0.000000000000000000e+00
8.031908294708905771e+01,0.000000000000000000e+00
7.851605179811994617e+01,0.000000000000000000e+00
7.846766368956839699e+01,0.000000000000000000e+00
8.169320552548776959e+01,0.000000000000000000e+00
8.029980633448202809e+01,0.000000000000000000e+00
7.922314164106116152e+01,0.000000000000000000e+00
8.342848892640873260e+01,0.000000000000000000e+00
8.137737226529537793e+01,0.000000000000000000e+00
8.207862754549729800e+01,0.000000000000000000e+00
7.750892632721036080e+01,0.000000000000000000e+00
8.174811484929848859e+01,0.000000000000000000e+00
7.735301440648323990e+01,0.000000000000000000e+00
7.773159145791719027e+01,0.000000000000000000e+00
7.702198889347799593e+01,0.000000000000000000e+00
8.032475163236438220e+01,0.000000000000000000e+00
8.277040519542353536e+01,0.000000000000000000e+00
8.240372058424844681e+01,0.000000000000000000e+00
8.210501175752717984e+01,0.000000000000000000e+00
7.920212567755370969e+01,0.000000000000000000e+00
7.923405742355721770e+01,0.000000000000000000e+00
7.697948927150608256e+01,0.000000000000000000e+00
7.818505439183626038e+01,0.000000000000000000e+00
8.411928813366071722e+01,0.000000000000000000e+00
7.806269857698927694e+01,0.000000000000000000e+00
7.903895797911511067e+01,0.000000000000000000e+00
8.287177656821016569e+01,0.000000000000000000e+00
8.000839038334267173e+01,0.000000000000000000e+00
7.907290485583190787e+01,0.000000000000000000e+00
3.162531594636000776e+01,0.000000000000000000e+00
3.387372495588669352e+01,0.000000000000000000e+00
3.466562589219805801e+01,0.000000000000000000e+00
2.944516603488917639e+01,0.000000000000000000e+00
3.434993947833289951e+01,0.000000000000000000e+00
2.817194959232926266e+01,0.000000000000000000e+00
3.435841751858344395e+01,0.000000000000000000e+00
3.470143063111994053e+01,0.000000000000000000e+00
3.214743563526907622e+01,0.000000000000000000e+00
2.773964107708084725e+01,0.000000000000000000e+00
3.106489775155063526e+01,0.000000000000000000e+00
3.137345960113316323e+01,0.000000000000000000e+00
2.357542493151846230e+01,0.000000000000000000e+00
2.117633154482603430e+01,0.000000000000000000e+00
2.248574933446314361e+01,0.000000000000000000e+00
1.729521040545154875e+01,0.000000000000000000e+00
2.628889553713907645e+01,0.000000000000000000e+00
2.158525309273725412e+01,0.000000000000000000e+00
2.357555208222219534e+01,0.000000000000000000e+00
2.468775227679251216e+01,0.000000000000000000e+00
2.445092011604863913e+01,0.000000000000000000e+00
2.086059677039725813e+01,0.000000000000000000e+00
2.394403517087695832e+01,0.000000000000000000e+00
1.945996606050530886e+01,0.000000000000000000e+00
2.293068911869850623e+01,0.000000000000000000e+00
1.892793749783461266e+01,0.000000000000000000e+00
2.095351062887935356e+01,0.000000000000000000e+00
1.888392396812101381e+01,0.000000000000000000e+00
2.076171470528481677e+01,0.000000000000000000e+00
1.999532099169523747e+01,0.000000000000000000e+00
1.839528901423423335e+01,0.000000000000000000e+00
1.969557733455119219e+01,0.000000000000000000e+00
2.121243506053317773e+01,0.000000000000000000e+00
2.386999598407501821e+01,0.000000000000000000e+00
2.055290484537935924e+01,0.000000000000000000e+00
2.283548865748549872e+01,0.000000000000000000e+00
2.179275344877645892e+01,0.000000000000000000e+00
2.240727319270057549e+01,0.000000000000000000e+00
2.020051562701364745e+01,0.000000000000000000e+00
2.056239564369822759e+01,0.000000000000000000e+00
2.203837166352094457e+01,0.000000000000000000e+00
1.810806632367654601e+01,0.000000000000000000e+00
2.295753769684224466e+01,0.000000000000000000e+00
1.707900527970114268e+01,0.000000000000000000e+00
2.070235783433271592e+01,0.000000000000000000e+00
2.090574858080665166e+01,0.000000000000000000e+00
2.281621212039122781e+01,0.000000000000000000e+00
2.147324080894641085e+01,0.000000000000000000e+00
2.224081802601029167e+01,0.000000000000000000e+00
2.057063705045040791e+01,0.000000000000000000e+00
2.056321607402223961e+01,0.000000000000000000e+00
2.086787299296987896e+01,0.000000000000000000e+00
1.967742404915157195e+01,0.000000000000000000e+00
2.008384625450993255e+01,0.000000000000000000e+00
2.403005403662077555e+01,0.000000000000000000e+00
2.199171061229907309e+01,0.000000000000000000e+00
1.873673745604138929e+01,0.000000000000000000e+00
2.131840648641603053e+01,0.000000000000000000e+00
2.131214790151365790e+01,0.000000000000000000e+00
1.911299646829720444e+01,0.000000000000000000e+00
2.016192146017675313e+01,0.000000000000000000e+00
1.872134693228935376e+01,0.000000000000000000e+00
2.378617694623149958e+01,0.000000000000000000e+00
1.871474429556710817e+01,0.000000000000000000e+00
1.873744457598197499e+01,0.000000000000000000e+00
1.805857266032517927e+01,0.000000000000000000e+00
2.430850907240316516e+01,0.000000000000000000e+00
1.896943655444476562e+01,0.000000000000000000e+00
1.929273080571509880e+01,0.000000000000000000e+00
2.186751292039054206e+01,0.000000000000000000e+00
2.019669823639696915e+01,0.000000000000000000e+00
1.582298929862878722e+01,0.000000000000000000e+00
2.109989881158936242e+01,0.000000000000000000e+00
2.295657679348949998e+01,0.000000000000000000e+00
2.161674743354187811e+01,0.000000000000000000e+00
1.984235468852822137e+01,0.000000000000000000e+00
1.884104994993120741e+01,0.000000000000000000e+00
1.674405975465175089e+01,0.000000000000000000e+00
1.828438855316592893e+01,0.000000000000000000e+00
2.276102099944339230e+01,0.000000000000000000e+00
2.088195630815391013e+01,0.000000000000000000e+00
2.317579294031656545e+01,0.000000000000000000e+00
1.992574870790041075e+01,0.000000000000000000e+00
2.087985711837118075e+01,0.000000000000000000e+00
1.724888254992210790e+01,0.000000000000000000e+00
2.059436996129409891e+01,0.000000000000000000e+00
1.845992819561351794e+01,0.000000000000000000e+00
1.986969846306814347e+01,0.000000000000000000e+00
2.175838141234233447e+01,0.000000000000000000e+00
1.903369273243508175e+01,0.000000000000000000e+00
2.022328860598637235e+01,0.000000000000000000e+00
2.421219328875683985e+01,0.000000000000000000e+00
1.699073509901799994e+01,0.000000000000000000e+00
1.898052210715687949e+01,0.000000000000000000e+00
1.993726443993903530e+01,0.000000000000000000e+00
1.841226243336509327e+01,0.000000000000000000e+00
2.109662593361157334e+01,0.000000000000000000e+00
2.023857375769622990e+01,0.000000000000000000e+00
2.173262124597894029e+01,0.000000000000000000e+00
1.701958788920865828e+01,0.000000000000000000e+00
1.739224840736686062e+01,0.000000000000000000e+00
2.245516797346010662e+01,0.000000000000000000e+00
2.082611843220627179e+01,0.000000000000000000e+00
1.795903973189940217e+01,0.000000000000000000e+00
2.137863987392904974e+01,0.000000000000000000e+00
2.191692728750268770e+01,0.000000000000000000e+00
1.640914860976218748e+01,0.000000000000000000e+00
1.986801296143320172e+01,0.000000000000000000e+00
2.047858892802557307e+01,0.000000000000000000e+00
2.207303582566692413e+01,0.000000000000000000e+00
2.158039155176367885e+01,0.000000000000000000e+00
2.110643206704042640e+01,0.000000000000000000e+00
2.118576874445714608e+01,0.000000000000000000e+00
2.254021073363296424e+01,0.000000000000000000e+00
2.121678555591731197e+01,0.000000000000000000e+00
1.762694683120732009e+01,0.000000000000000000e+00
1.385529507183336051e+01,0.000000000000000000e+00
2.352761551634103654e+01,0.000000000000000000e+00
2.001204402721905140e+01,0.000000000000000000e+00
1.800850219862498491e+01,0.000000000000000000e+00
2.096598530836232399e+01,0.000000000000000000e+00
1.757643023414575012e+01,0.000000000000000000e+00
2.423579879791672553e+01,0.000000000000000000e+00
2.040532589030237887e+01,0.000000000000000000e+00
1.879621402423719090e+01,0.000000000000000000e+00
2.064670758921919358e+01,0.000000000000000000e+00
2.130317682033739146e+01,0.000000000000000000e+00
2.283499434342699175e+01,0.000000000000000000e+00
2.201778544604493248e+01,0.000000000000000000e+00
2.322916437156324676e+01,0.000000000000000000e+00
1.449731803888729331e+01,0.000000000000000000e+00
2.034010807911004903e+01,0.000000000000000000e+00
2.368405485660152010e+01,0.000000000000000000e+00
2.090761568088990074e+01,0.000000000000000000e+00
2.195384985280652757e+01,0.000000000000000000e+00
1.777901850385634219e+01,0.000000000000000000e+00
1.934533542897768754e+01,0.000000000000000000e+00
1.791932315027979428e+01,0.000000000000000000e+00
1.765394585563097607e+01,0.000000000000000000e+00
2.000412383644115266e+01,0.000000000000000000e+00
1.900349980973244257e+01,0.000000000000000000e+00
1.936066016089225528e+01,0.000000000000000000e+00
2.065487618050498853e+01,0.000000000000000000e+00
1.986025650662994124e+01,0.000000000000000000e+00
2.238291769590068725e+01,0.000000000000000000e+00
1.944724422742953962e+01,0.000000000000000000e+00
1.883050786486687045e+01,0.000000000000000000e+00
1.879623233777826030e+01,0.000000000000000000e+00
1.770151462034095147e+01,0.000000000000000000e+00
2.091335952450948810e+01,0.000000000000000000e+00
2.031195647947033578e+01,0.000000000000000000e+00
2.024775971977797440e+01,0.000000000000000000e+00
2.175131964787213334e+01,0.000000000000000000e+00
2.099156432792872451e+01,0.000000000000000000e+00
2.131871472592298744e+01,0.000000000000000000e+00
2.273961954980523004e+01,0.000000000000000000e+00
1.798373397977866617e+01,0.000000000000000000e+00
1.758807243976443502e+01,0.000000000000000000e+00
1.786885215314647368e+01,0.000000000000000000e+00
2.054951929843030456e+01,0.000000000000000000e+00
1.888943118404347032e+01,0.000000000000000000e+00
1.894273233241870713e+01,0.000000000000000000e+00
1.913886261633296826e+01,0.000000000000000000e+00
1.873715661589381654e+01,0.000000000000000000e+00
1.892080624740252404e+01,0.000000000000000000e+00
1.869114421307464724e+01,0.000000000000000000e+00
1.933874937015945505e+01,0.000000000000000000e+00
1.835902409554800130e+01,0.000000000000000000e+00
1.956300157324505307e+01,0.000000000000000000e+00
2.025736093032249840e+01,0.000000000000000000e+00
1.677348082146817632e+01,0.000000000000000000e+00
1.934938432394063312e+01,0.000000000000000000e+00
2.149676376184211435e+01,0.000000000000000000e+00
2.276125319282262893e+01,0.000000000000000000e+00
2.088097876674474662e+01,0.000000000000000000e+00
2.382629304196646558e+01,0.000000000000000000e+00
1.782344856671642930e+01,0.000000000000000000e+00
1.939549159257338573e+01,0.000000000000000000e+00
1.579350460100513409e+01,0.000000000000000000e+00
2.040861662653032482e+01,0.000000000000000000e+00
6.577872339642102872e+01,0.000000000000000000e+00
7.017555451638729380e+01,0.000000000000000000e+00
6.933216247862765158e+01,0.000000000000000000e+00
6.794827461386050516e+01,0.000000000000000000e+00
6.875230223433136700e+01,0.000000000000000000e+00
7.054736444436004206e+01,0.000000000000000000e+00
6.677759050922126960e+01,0.000000000000000000e+00
6.667809814216570885e+01,0.000000000000000000e+00
7.236753148392254786e+01,0.000000000000000000e+00
6.631660736918713894e+01,0.000000000000000000e+00
6.752645003607325691e+01,0.000000000000000000e+00
6.767494762794916596e+01,0.000000000000000000e+00
7.617976269884286467e+01,0.000000000000000000e+00
7.503463107974965851e+01,0.000000000000000000e+00
7.286898695066257403e+01,0.000000000000000000e+00
7.856693754921263917e+01,0.000000000000000000e+00
7.552938579410488273e+01,0.000000000000000000e+00
7.903523956148895024e+01,0.000000000000000000e+00
7.514227461861501922e+01,0.000000000000000000e+00
7.809947421287618852e+01,0.000000000000000000e+00
7.633851366369096070e+01,0.000000000000000000e+00
7.501914331332559982e+01,0.000000000000000000e+00
7.470684351603107132e+01,0.000000000000000000e+00
7.909658856700879426e+01,0.000000000000000000e+00
7.757568595455312277e+01,0.000000000000000000e+00
7.752803991215222368e+01,0.000000000000000000e+00
8.139664958202062905e+01,0.000000000000000000e+00
8.098318160873162697e+01,0.000000000000000000e+00
8.059879613942598553e+01,0.000000000000000000e+00
7.818671112642212506e+01,0.000000000000000000e+00
7.729515844023872262e+01,0.000000000000000000e+00
7.982461837553363182e+01,0.000000000000000000e+00
8.122196232718307840e+01,0.000000000000000000e+00
7.873581682570707585e+01,0.000000000000000000e+00
7.771421978982883161e+01,0.000000000000000000e+00
7.944203841118408604e+01,0.000000000000000000e+00
8.261258338298465276e+01,0.000000000000000000e+00
8.004647556613377901e+01,0.000000000000000000e+00
8.087008888348518099e+01,0.000000000000000000e+00
8.039233493089663796e+01,0.000000000000000000e+00
7.672286967068473018e+01,0.000000000000000000e+00
8.032522924115851026e+01,0.000000000000000000e+00
8.131098180569046008e+01,0.000000000000000000e+00
8.170172180364708936e+01,0.000000000000000000e+00
7.929068605476162190e+01,0.000000000000000000e+00
8.074619457982383608e+01,0.000000000000000000e+00
7.845522413198953871e+01,0.000000000000000000e+00
8.170832851212601611e+01,0.000000000000000000e+00
8.130444900302708788e+01,0.000000000000000000e+00
8.030905298256691083e+01,0.000000000000000000e+00
8.069627482477676494e+01,0.000000000000000000e+00
7.861147188002883013e+01,0.000000000000000000e+00
8.051612322343196126e+01,0.000000000000000000e+00
7.968839489193848635e+01,0.000000000000000000e+00
7.827330181504744644e+01,0.000000000000000000e+00
8.100245146915781902e+01,0.000000000000000000e+00
7.858199002538526656e+01,0.000000000000000000e+00
7.775373750831802511e+01,0.000000000000000000e+00
7.975837547309508579e+01,0.000000000000000000e+00
8.159844335716347530e+01,0.000000000000000000e+00
7.935170200064924018e+01,0.000000000000000000e+00
8.201895629799359710e+01,0.000000000000000000e+00
8.121437856032783031e+01,0.000000000000000000e+00
7.800147538679074444e+01,0.000000000000000000e+00
8.128480631415263247e+01,0.000000000000000000e+00
8.008530273003623279e+01,0.000000000000000000e+00
7.952311151166760794e+01,0.000000000000000000e+00
7.725268946808193959e+01,0.000000000000000000e+00
7.910445398827603469e+01,0.000000000000000000e+00
7.619105708542922173e+01,0.000000000000000000e+00
8.390673256952385373e+01,0.000000000000000000e+00
8.368812511959383471e+01,0.000000000000000000e+00
7.748548394633790792e+01,0.000000000000000000e+00
7.871046497367622408e+01,0.000000000000000000e+00
7.938729792398078189e+01,0.000000000000000000e+00
7.996760240830958821e+01,0.000000000000000000e+00
7.748146185341637704e+01,0.000000000000000000e+00
7.950796900497266506e+01,0.000000000000000000e+00
7.863898104961025126e+01,0.000000000000000000e+00
8.121068972809868569e+01,0.000000000000000000e+00
8.263495200466871893e+01,0.000000000000000000e+00
7.900297574788743304e+01,0.000000000000000000e+00
8.267579087872987031e+01,0.000000000000000000e+00
7.922001455091299249e+01,0.000000000000000000e+00
8.151790691869861405e+01,0.000000000000000000e+00
7.990136249604131535e+01,0.000000000000000000e+00
7.824495400669201217e+01,0.000000000000000000e+00
8.423739662195299616e+01,0.000000000000000000e+00
7.778730144125078994e+01,0.000000000000000000e+00
7.824819686379473183e+01,0.000000000000000000e+00
7.957447225506210486e+01,0.000000000000000000e+00
7.766079046332075109e+01,0.000000000000000000e+00
8.139265822883560020e+01,0.000000000000000000e+00
8.123285114874568080e+01,0.000000000000000000e+00
7.848609418829340711e+01,0.000000000000000000e+00
8.132149188115886318e+01,0.000000000000000000e+00
8.109098864065295231e+01,0.000000000000000000e+00
8.289776313621463544e+01,0.000000000000000000e+00
8.174532740642807482e+01,0.000000000000000000e+00
7.873432355014821837e+01,0.000000000000000000e+00
8.120337714132401175e+01,0.000000000000000000e+00
7.921354682455302054e+01,0.000000000000000000e+00
8.216361302549702827e+01,0.000000000000000000e+00
7.734024478720712636e+01,0.000000000000000000e+00
7.861367554094333343e+01,0.000000000000000000e+00
7.531353433053423885e+01,0.000000000000000000e+00
8.373754998013210127e+01,0.000000000000000000e+00
8.019686180623055805e+01,0.000000000000000000e+00
3.153844672994532417e+01,0.000000000000000000e+00
3.118544176389186262e+01,0.000000000000000000e+00
3.278478148159592820e+01,0.000000000000000000e+00
3.350997400477417898e+01,0.000000000000000000e+00
3.384051288263766111e+01,0.000000000000000000e+00
3.151500102434902928e+01,0.000000000000000000e+00
2.892611846134105491e+01,0.000000000000000000e+00
3.116001360188922931e+01,0.000000000000000000e+00
2.968098995879109125e+01,0.000000000000000000e+00
3.467845669229836858e+01,0.000000000000000000e+00
3.560556641856975801e+01,0.000000000000000000e+00
3.185301927259985533e+01,0.000000000000000000e+00
2.011120198286665328e+01,0.000000000000000000e+00
2.356916385498904987e+01,0.000000000000000000e+00
2.586183854471948251e+01,0.000000000000000000e+00
2.144989792018574448e+01,0.000000000000000000e+00
2.217759691193365157e+01,0.000000000000000000e+00
2.059042306537065059e+01,0.000000000000000000e+00
2.276177836156319501e+01,0.000000000000000000e+00
2.480925216707564829e+01,0.000000000000000000e+00
2.135384082241470338e+01,0.000000000000000000e+00
2.159016976766611151e+01,0.000000000000000000e+00
2.054384951672261650e+01,0.000000000000000000e+00
2.184832102783222396e+01,0.000000000000000000e+00
2.086136738927904233e+01,0.000000000000000000e+00
1.948382008905061724e+01,0.000000000000000000e+00
2.092216997531983225e+01,0.000000000000000000e+00
1.865902155265318640e+01,0.000000000000000000e+00
2.236353623387905998e+01,0.000000000000000000e+00
1.928872032328252217e+01,0.000000000000000000e+00
1.985024745460597728e+01,0.000000000000000000e+00
1.826635902024869651e+01,0.000000000000000000e+00
1.957525284567709534e+01,0.000000000000000000e+00
1.585009082317097651e+01,0.000000000000000000e+00
2.174510902225997455e+01,0.000000000000000000e+00
2.075788901577545786e+01,0.000000000000000000e+00
1.936132864963311562e+01,0.000000000000000000e+00
2.349790607005553156e+01,0.000000000000000000e+00
2.060134769813873845e+01,0.000000000000000000e+00
1.735285834066363364e+01,0.000000000000000000e+00
2.172616379378371221e+01,0.000000000000000000e+00
2.028604194727607535e+01,0.000000000000000000e+00
2.073166197228968599e+01,0.000000000000000000e+00
1.938100897901993847e+01,0.000000000000000000e+00
2.197267234464495544e+01,0.000000000000000000e+00
2.156044054027134393e+01,0.000000000000000000e+00
2.212498449394301403e+01,0.000000000000000000e+00
1.953609679924917586e+01,0.000000000000000000e+00
1.839696348552487137e+01,0.000000000000000000e+00
2.065304443802990519e+01,0.000000000000000000e+00
1.748872570964088879e+01,0.000000000000000000e+00
1.764869732593092166e+01,0.000000000000000000e+00
1.611080845949010509e+01,0.000000000000000000e+00
2.120513427929871497e+01,0.000000000000000000e+00
1.916413528148749634e+01,0.000000000000000000e+00
1.738842155272577372e+01,0.000000000000000000e+00
2.178974944587536200e+01,0.000000000000000000e+00
1.744439337341398399e+01,0.000000000000000000e+00
1.854844271619337448e+01,0.000000000000000000e+00
1.924556335469020851e+01,0.000000000000000000e+00
1.742560094987263142e+01,0.000000000000000000e+00
1.933270822755353180e+01,0.000000000000000000e+00
2.153991804326223303e+01,0.000000000000000000e+00
1.896337583236282143e+01,0.000000000000000000e+00
1.723782781454359636e+01,0.000000000000000000e+00
2.331887956528179373e+01,0.000000000000000000e+00
1.912330681631409490e+01,0.000000000000000000e+00
1.861748027718860143e+01,0.000000000000000000e+00
1.939868446202163099e+01,0.000000000000000000e+00
2.159021044790964439e+01,0.000000000000000000e+00
1.719918241166227446e+01,0.000000000000000000e+00
2.188034712828837414e+01,0.000000000000000000e+00
1.839956711367653241e+01,0.000000000000000000e+00
2.313048358199247545e+01,0.000000000000000000e+00
2.155235138612237833e+01,0.000000000000000000e+00
2.241888022777965617e+01,0.000000000000000000e+00
1.922269368879692308e+01,0.000000000000000000e+00
2.184793679066548933e+01,0.000000000000000000e+00
2.325138304046689086e+01,0.000000000000000000e+00
1.886836795353127272e+01,0.000000000000000000e+00
2.132622093680462427e+01,0.000000000000000000e+00
1.936918653053373518e+01,0.000000000000000000e+00
2.180276323557377083e+01,0.000000000000000000e+00
1.823248580928719775e+01,0.000000000000000000e+00
2.141127621382061719e+01,0.000000000000000000e+00
2.037724279326975108e+01,0.000000000000000000e+00
1.986791346620055521e+01,0.000000000000000000e+00
2.051038733310445039e+01,0.000000000000000000e+00
2.387898564668982360e+01,0.000000000000000000e+00
1.990346752237669037e+01,0.000000000000000000e+00
1.988696513234232555e+01,0.000000000000000000e+00
2.085783457166319721e+01,0.000000000000000000e+00
2.195045194076678285e+01,0.000000000000000000e+00
2.057393251446460880e+01,0.000000000000000000e+00
2.288835508113586670e+01,0.000000000000000000e+00
1.848427353515639027e+01,0.000000000000000000e+00
2.086467675176056602e+01,0.000000000000000000e+00
1.591042649360323580e+01,0.000000000000000000e+00
2.054638960068220044e+01,0.000000000000000000e+00
1.974167979786250982e+01,0.000000000000000000e+00
2.535473498863263586e+01,0.000000000000000000e+00
1.725038703347182079e+01,0.000000000000000000e+00
1.831310852718553761e+01,0.000000000000000000e+00
1.939983243251846545e+01,0.000000000000000000e+00
2.090163987028265069e+01,0.000000000000000000e+00
2.124213080283842459e+01,0.000000000000000000e+00
2.113080269000432310e+01,0.000000000000000000e+00
2.026068054593839207e+01,0.000000000000000000e+00
1.815177107397423839e+01,0.000000000000000000e+00
2.092008791768800080e+01,0.000000000000000000e+00
1.921563693572575104e+01,0.000000000000000000e+00
2.210295921829292709e+01,0.000000000000000000e+00
2.046036384679702280e+01,0.000000000000000000e+00
2.215510182761266833e+01,0.000000000000000000e+00
2.171615660945780135e+01,0.000000000000000000e+00
1.676587960774052988e+01,0.000000000000000000e+00
1.942705169089525086e+01,0.000000000000000000e+00
2.072057672401189521e+01,0.000000000000000000e+00
1.737643798902102077e+01,0.000000000000000000e+00
2.197583404077263936e+01,0.000000000000000000e+00
1.970739850964111284e+01,0.000000000000000000e+00
2.269910422551213003e+01,0.000000000000000000e+00
2.136741212572997739e+01,0.000000000000000000e+00
1.717940137710179727e+01,0.000000000000000000e+00
1.805285945417218230e+01,0.000000000000000000e+00
2.072189943899219600e+01,0.000000000000000000e+00
2.360504997746892641e+01,0.000000000000000000e+00
2.371342114920255995e+01,0.000000000000000000e+00
1.892461840940012863e+01,0.000000000000000000e+00
1.905053118658766564e+01,0.000000000000000000e+00
2.060658085093969305e+01,0.000000000000000000e+00
1.812762754665954290e+01,0.000000000000000000e+00
1.876863386026705172e+01,0.000000000000000000e+00
1.782424486672130470e+01,0.000000000000000000e+00
1.610427750027024274e+01,0.000000000000000000e+00
2.087885294264258107e+01,0.000000000000000000e+00
1.674777920166108913e+01,0.000000000000000000e+00
1.797548663240119993e+01,0.000000000000000000e+00
1.882258885782016122e+01,0.000000000000000000e+00
1.859313484102667857e+01,0.000000000000000000e+00
1.905312594978482110e+01,0.000000000000000000e+00
2.150283331975680312e+01,0.000000000000000000e+00
1.965439403140377550e+01,0.000000000000000000e+00
2.121574915032063657e+01,0.000000000000000000e+00
1.971312070267517669e+01,0.000000000000000000e+00
2.121512530389320617e+01,0.000000000000000000e+00
1.941177101474048783e+01,0.000000000000000000e+00
1.903687809951002663e+01,0.000000000000000000e+00
1.882346150107195371e+01,0.000000000000000000e+00
1.806635176721461278e+01,0.000000000000000000e+00
2.420259661639396498e+01,0.000000000000000000e+00
2.285156621555658063e+01,0.000000000000000000e+00
1.893239837050468566e+01,0.000000000000000000e+00
1.937551858195993759e+01,0.000000000000000000e+00
2.325485678170805315e+01,0.000000000000000000e+00
2.045366191776960818e+01,0.000000000000000000e+00
1.856240052551990516e+01,0.000000000000000000e+00
2.030142497735398877e+01,0.000000000000000000e+00
1.845622376640485740e+01,0.000000000000000000e+00
1.974753653978829249e+01,0.000000000000000000e+00
1.907924771090251781e+01,0.000000000000000000e+00
2.266652957414969904e+01,0.000000000000000000e+00
2.131295607752343813e+01,0.000000000000000000e+00
2.003653494835237225e+01,0.000000000000000000e+00
2.065193788107966455e+01,0.000000000000000000e+00
2.118485246525662546e+01,0.000000000000000000e+00
1.804335984154922201e+01,0.000000000000000000e+00
1.968435301024753059e+01,0.000000000000000000e+00
2.037284493131195973e+01,0.000000000000000000e+00
1.641208987512607109e+01,0.000000000000000000e+00
1.550016604131068476e+01,0.000000000000000000e+00
1.935867236099301536e+01,0.000000000000000000e+00
2.217019343314959201e+01,0.000000000000000000e+00
1.989171508802246180e+01,0.000000000000000000e+00
2.051474848737301215e+01,0.000000000000000000e+00
2.076632851645861777e+01,0.000000000000000000e+00
1.891484098201563668e+01,0.000000000000000000e+00
1.595964920896680717e+01,0.000000000000000000e+00
2.314056319313552024e+01,0.000000000000000000e+00
1.785312799383708082e+01,0.000000000000000000e+00
6.800879427110542963e+01,0.000000000000000000e+00
6.776641205105001120e+01,0.000000000000000000e+00
6.502434007424498930e+01,0.000000000000000000e+00
6.498553974785482978e+01,0.000000000000000000e+00
6.686985895704012250e+01,0.000000000000000000e+00
6.627898594823651024e+01,0.000000000000000000e+00
6.494326603097042039e+01,0.000000000000000000e+00
7.029108545033749067e+01,0.000000000000000000e+00
6.802734247874889206e+01,0.000000000000000000e+00
6.709412578582220021e+01,0.000000000000000000e+00
6.704761196653097954e+01,0.000000000000000000e+00
7.051498636807191644e+01,0.000000000000000000e+00
7.692070037729746446e+01,0.000000000000000000e+00
7.717201090118408047e+01,0.000000000000000000e+00
7.864727997629836409e+01,0.000000000000000000e+00
7.531462417397511899e+01,0.000000000000000000e+00
7.830009848001563455e+01,0.000000000000000000e+00
7.922917409479725848e+01,0.000000000000000000e+00
7.729782512185737176e+01,0.000000000000000000e+00
7.679184766692749520e+01,0.000000000000000000e+00
7.672802093190706785e+01,0.000000000000000000e+00
7.773515003888356034e+01,0.000000000000000000e+00
8.067785491644795570e+01,0.000000000000000000e+00
7.851875288196954727e+01,0.000000000000000000e+00
8.052498600629016323e+01,0.000000000000000000e+00
8.135359623933075568e+01,0.000000000000000000e+00
8.075781884260219101e+01,0.000000000000000000e+00
8.108644904361456440e+01,0.000000000000000000e+00
8.102375482545116370e+01,0.000000000000000000e+00
8.050214415487764086e+01,0.000000000000000000e+00
7.908955901691774670e+01,0.000000000000000000e+00
8.327404129080390760e+01,0.000000000000000000e+00
7.903670943575052377e+01,0.000000000000000000e+00
8.460557176695301962e+01,0.000000000000000000e+00
7.962461477020110578e+01,0.000000000000000000e+00
8.173867326235702535e+01,0.000000000000000000e+00
7.844580310737289608e+01,0.000000000000000000e+00
7.481030850219273987e+01,0.000000000000000000e+00
7.918395664498753206e+01,0.000000000000000000e+00
8.105716441863644661e+01,0.000000000000000000e+00
7.969275910999220969e+01,0.000000000000000000e+00
8.162627248096042365e+01,0.000000000000000000e+00
7.926812184403070205e+01,0.000000000000000000e+00
7.882091386426637314e+01,0.000000000000000000e+00
8.090172902859848136e+01,0.000000000000000000e+00
7.910922350054472929e+01,0.000000000000000000e+00
8.085619941391514942e+01,0.000000000000000000e+00
8.030297419057819752e+01,0.000000000000000000e+00
8.163294236697707618e+01,0.000000000000000000e+00
7.818281192303881255e+01,0.000000000000000000e+00
7.507955922059251463e+01,0.000000000000000000e+00
8.117648346959572336e+01,0.000000000000000000e+00
7.962371684910955594e+01,0.000000000000000000e+00
8.017305149736107239e+01,0.000000000000000000e+00
7.921120755290412774e+01,0.000000000000000000e+00
8.162006046707797680e+01,0.000000000000000000e+00
8.033586485737626504e+01,0.000000000000000000e+00
7.716703514767040417e+01,0.000000000000000000e+00
7.850292019396083276e+01,0.000000000000000000e+00
7.907986469389332740e+01,0.000000000000000000e+00
7.852957372713487416e+01,0.000000000000000000e+00
7.666652397063087676e+01,0.000000000000000000e+00
7.699398785428869019e+01,0.000000000000000000e+00
7.953055608850102942e+01,0.000000000000000000e+00
7.952201625639305860e+01,0.000000000000000000e+00
8.140683143709688352e+01,0.000000000000000000e+00
7.994422577203631874e+01,0.000000000000000000e+00
8.136359565436379171e+01,0.000000000000000000e+00
8.011841396916165081e+01,0.000000000000000000e+00
7.897583959635259987e+01,0.000000000000000000e+00
7.857490438738516048e+01,0.000000000000000000e+00
8.100192897861410302e+01,0.000000000000000000e+00
7.759999994569660942e+01,0.000000000000000000e+00
8.019569545946141886e+01,0.000000000000000000e+00
7.837747216209761802e+01,0.000000000000000000e+00
8.012256417153621157e+01,0.000000000000000000e+00
8.399621183207662511e+01,0.000000000000000000e+00
8.010036120386546088e+01,0.000000000000000000e+00
7.986362737763984398e+01,0.000000000000000000e+00
7.971383472195017816e+01,0.000000000000000000e+00
8.031405573499279171e+01,0.000000000000000000e+00
7.978509884884329040e+01,0.000000000000000000e+00
8.038728952928103411e+01,0.000000000000000000e+00
8.097752992420168994e+01,0.000000000000000000e+00
8.025034885887274072e+01,0.000000000000000000e+00
8.197156477343351355e+01,0.000000000000000000e+00
8.185177482931761972e+01,0.000000000000000000e+00
7.847716158341219739e+01,0.000000000000000000e+00
7.818537122252935490e+01,0.000000000000000000e+00
7.785274421802284905e+01,0.000000000000000000e+00
7.840326345644423611e+01,0.000000000000000000e+00
7.656289465770591107e+01,0.000000000000000000e+00
7.871213200803042298e+01,0.000000000000000000e+00
7.877755920251543387e+01,0.000000000000000000e+00
7.926326512226297893e+01,0.000000000000000000e+00
7.848803987015226369e+01,0.000000000000000000e+00
7.656410209937790512e+01,0.000000000000000000e+00
8.077582085561931535e+01,0.000000000000000000e+00
8.106643231322124166e+01,0.000000000000000000e+00
8.137008794263812206e+01,0.000000000000000000e+00
8.004002030912673149e+01,0.000000000000000000e+00
7.879229636674259041e+01,0.000000000000000000e+00
7.963834394098815039e+01,0.000000000000000000e+00
8.357583017654935986e+01,0.000000000000000000e+00
8.017423601570507685e+01,0.000000000000000000e+00
8.006648919138797282e+01,0.000000000000000000e+00
7.775552916682656246e+01,0.000000000000000000e+00
7.823490743345470833e+01,0.000000000000000000e+00
3.233374488952518533e+01,0.000000000000000000e+00
3.009649865656442813e+01,0.000000000000000000e+00
3.050722991538735940e+01,0.000000000000000000e+00
3.147135077885626941e+01,0.000000000000000000e+00
3.356936373074520930e+01,0.000000000000000000e+00
2.927902460196040479e+01,0.000000000000000000e+00
3.251698298829851552e+01,0.000000000000000000e+00
3.034828009736985877e+01,0.000000000000000000e+00
3.072862235358135763e+01,0.000000000000000000e+00
3.062337307257553931e+01,0.000000000000000000e+00
3.057298416279588693e+01,0.000000000000000000e+00
2.999652402584222344e+01,0.000000000000000000e+00
2.213706073206305902e+01,0.000000000000000000e+00
2.170868031225349526e+01,0.000000000000000000e+00
2.473757043591207605e+01,0.000000000000000000e+00
2.227851961550567239e+01,0.000000000000000000e+00
2.330336789038985046e+01,0.000000000000000000e+00
2.109531180857931432e+01,0.000000000000000000e+00
2.394639935577966838e+01,0.000000000000000000e+00
2.308421508274906486e+01,0.000000000000000000e+00
2.060061921918817873e+01,0.000000000000000000e+00
2.350754698616729854e+01,0.000000000000000000e+00
2.250437355378603854e+01,0.000000000000000000e+00
1.918038395773077909e+01,0.000000000000000000e+00
1.718364124563514395e+01,0.000000000000000000e+00
1.618628261187505402e+01,0.000000000000000000e+00
2.082716792799071115e+01,0.000000000000000000e+00
1.499125953999594074e+01,0.000000000000000000e+00
2.329581003685733620e+01,0.000000000000000000e+00
1.972034804456083990e+01,0.000000000000000000e+00
1.847540565512551325e+01,0.000000000000000000e+00
1.709035430766824248e+01,0.000000000000000000e+00
2.073662736009362462e+01,0.000000000000000000e+00
2.230873940093347585e+01,0.000000000000000000e+00
2.073384315943164680e+01,0.000000000000000000e+00
1.980651742429076023e+01,0.000000000000000000e+00
1.969132899639098255e+01,0.000000000000000000e+00
1.550194219336948009e+01,0.000000000000000000e+00
1.862617900927324044e+01,0.000000000000000000e+00
1.808111933983846953e+01,0.000000000000000000e+00
1.981242817774478127e+01,0.000000000000000000e+00
1.763266218490317883e+01,0.000000000000000000e+00
1.818817874896435427e+01,0.000000000000000000e+00
1.913130702287460494e+01,0.000000000000000000e+00
1.900166538335100697e+01,0.000000000000000000e+00
1.949837026652627259e+01,0.000000000000000000e+00
1.971738443389453010e+01,0.000000000000000000e+00
2.021843853578538841e+01,0.000000000000000000e+00
1.885858789762118093e+01,0.000000000000000000e+00
2.326983504418903337e+01,0.000000000000000000e+00
1.856800533365687045e+01,0.000000000000000000e+00
2.176613514855911902e+01,0.000000000000000000e+00
1.825713704403198889e+01,0.000000000000000000e+00
2.148457956649000522e+01,0.000000000000000000e+00
2.133016364248991792e+01,0.000000000000000000e+00
1.861898010655740521e+01,0.000000000000000000e+00
2.121977396636513546e+01,0.000000000000000000e+00
2.359517583821790154e+01,0.000000000000000000e+00
1.746546298841859368e+01,0.000000000000000000e+00
2.208962888501472577e+01,0.000000000000000000e+00
2.093056518437141378e+01,0.000000000000000000e+00
2.041182390260524215e+01,0.000000000000000000e+00
2.012367931834919332e+01,0.000000000000000000e+00
2.066245649383586169e+01,0.000000000000000000e+00
1.872266744821656204e+01,0.000000000000000000e+00
1.599290715850857580e+01,0.000000000000000000e+00
1.957411379585135336e+01,0.000000000000000000e+00
1.941540075881462712e+01,0.000000000000000000e+00
1.957283313276737147e+01,0.000000000000000000e+00
2.392048035887416191e+01,0.000000000000000000e+00
1.975424428697484913e+01,0.000000000000000000e+00
1.491936034767823571e+01,0.000000000000000000e+00
1.767942256749094909e+01,0.000000000000000000e+00
1.939564779740213396e+01,0.000000000000000000e+00
2.169088526115574211e+01,0.000000000000000000e+00
1.954755526930224008e+01,0.000000000000000000e+00
1.636634534718241696e+01,0.000000000000000000e+00
2.401593065788006243e+01,0.000000000000000000e+00
1.551523061243018020e+01,0.000000000000000000e+00
1.910341485098389569e+01,0.000000000000000000e+00
2.045335031636155065e+01,0.000000000000000000e+00
1.566534414300106803e+01,0.000000000000000000e+00
1.890450933391775123e+01,0.000000000000000000e+00
1.870622556457888308e+01,0.000000000000000000e+00
1.942319292034609646e+01,0.000000000000000000e+00
2.061254001955921922e+01,0.000000000000000000e+00
2.238690825010013796e+01,0.000000000000000000e+00
2.147920866792593131e+01,0.000000000000000000e+00
2.263119273266659448e+01,0.000000000000000000e+00
1.692627809924399429e+01,0.000000000000000000e+00
1.999005401442374463e+01,0.000000000000000000e+00
2.038727676720042936e+01,0.000000000000000000e+00
2.069603089586309963e+01,0.000000000000000000e+00
1.928269528231619745e+01,0.000000000000000000e+00
1.925679165100226342e+01,0.000000000000000000e+00
2.108090467542962543e+01,0.000000000000000000e+00
2.003360339130130896e+01,0.000000000000000000e+00
2.248090237846360395e+01,0.000000000000000000e+00
2.152082161618470479e+01,0.000000000000000000e+00
1.878977596049518084e+01,0.000000000000000000e+00
1.868219613901029774e+01,0.000000000000000000e+00
1.986626672430962870e+01,0.000000000000000000e+00
1.980906552202490190e+01,0.000000000000000000e+00
1.840338126542120634e+01,0.000000000000000000e+00
1.723609165870386661e+01,0.000000000000000000e+00
2.524653019505880280e+01,0.000000000000000000e+00
1.803528865582370955e+01,0.000000000000000000e+00
1.720222729255214489e+01,0.000000000000000000e+00
2.041032057683853296e+01,0.000000000000000000e+00
1.962910186763634357e+01,0.000000000000000000e+00
1.798660018024567719e+01,0.000000000000000000e+00
1.868932532330575924e+01,0.000000000000000000e+00
1.959110169528639744e+01,0.000000000000000000e+00
1.912381758633180340e+01,0.000000000000000000e+00
1.929877934898877712e+01,0.000000000000000000e+00
2.005868271056224472e+01,0.000000000000000000e+00
2.382115910385823554e+01,0.000000000000000000e+00
2.236521806826463177e+01,0.000000000000000000e+00
1.863323010630757892e+01,0.000000000000000000e+00
2.042785893048777979e+01,0.000000000000000000e+00
2.058156257079618001e+01,0.000000000000000000e+00
2.019852051287999473e+01,0.000000000000000000e+00
1.630059423023968179e+01,0.000000000000000000e+00
1.837994976608495534e+01,0.000000000000000000e+00
1.391259220229228966e+01,0.000000000000000000e+00
1.877234056634480908e+01,0.000000000000000000e+00
1.951936354011178310e+01,0.000000000000000000e+00
2.244127874216970753e+01,0.000000000000000000e+00
2.196995286605522324e+01,0.000000000000000000e+00
2.018943870488705628e+01,0.000000000000000000e+00
1.950030748240926570e+01,0.000000000000000000e+00
2.114517863052276425e+01,0.000000000000000000e+00
1.821428478018599506e+01,0.000000000000000000e+00
1.784402427129530722e+01,0.000000000000000000e+00
2.054249508495390586e+01,0.000000000000000000e+00
2.233557687537950187e+01,0.000000000000000000e+00
1.769669877753857179e+01,0.000000000000000000e+00
2.136642097762027603e+01,0.000000000000000000e+00
2.425413746721575592e+01,0.000000000000000000e+00
2.262574589143868309e+01,0.000000000000000000e+00
2.005908330317350874e+01,0.000000000000000000e+00
1.506956460178705726e+01,0.000000000000000000e+00
1.918582593334926045e+01,0.000000000000000000e+00
2.118517324263867962e+01,0.000000000000000000e+00
1.734215916729991847e+01,0.000000000000000000e+00
2.149994205486723331e+01,0.000000000000000000e+00
2.267082400522739860e+01,0.000000000000000000e+00
1.990400429574949470e+01,0.000000000000000000e+00
2.007868335473781585e+01,0.000000000000000000e+00
2.011285010530925277e+01,0.000000000000000000e+00
2.149885821837475675e+01,0.000000000000000000e+00
2.266527866084436482e+01,0.000000000000000000e+00
2.194631762297212774e+01,0.000000000000000000e+00
1.988597300301403337e+01,0.000000000000000000e+00
1.646242735822715986e+01,0.000000000000000000e+00
1.852273214110891786e+01,0.000000000000000000e+00
2.267655082398936628e+01,0.000000000000000000e+00
1.958380338556732880e+01,0.000000000000000000e+00
2.274125781670015911e+01,0.000000000000000000e+00
1.793247773134719125e+01,0.000000000000000000e+00
1.691694498358246435e+01,0.000000000000000000e+00
2.032545241461957275e+01,0.000000000000000000e+00
1.986322299506261047e+01,0.000000000000000000e+00
2.297513625534156745e+01,0.000000000000000000e+00
1.856985055475319157e+01,0.000000000000000000e+00
1.998692326098063887e+01,0.000000000000000000e+00
1.957288299561275480e+01,0.000000000000000000e+00
1.578506806412508112e+01,0.000000000000000000e+00
1.890736016735409208e+01,0.000000000000000000e+00
1.821026348557409236e+01,0.000000000000000000e+00
2.345779048118439647e+01,0.000000000000000000e+00
2.361164353216636513e+01,0.000000000000000000e+00
1.964567489706371006e+01,0.000000000000000000e+00
2.125895221453499317e+01,0.000000000000000000e+00
1.575444513608955432e+01,0.000000000000000000e+00
2.284639504276012545e+01,0.000000000000000000e+00
1.901844722430509549e+01,0.000000000000000000e+00
2.092920234577841399e+01,0.000000000000000000e+00
1.538670386262603884e+01,0.000000000000000000e+00
2.158266312184955638e+01,0.000000000000000000e+00
6.795051959849047307e+01,0.000000000000000000e+00
6.780005194160425219e+01,0.000000000000000000e+00
6.843280857451314603e+01,0.000000000000000000e+00
6.839232774570871243e+01,0.000000000000000000e+00
7.151260994945850769e+01,0.000000000000000000e+00
7.059415902508671081e+01,0.000000000000000000e+00
6.885523218252781419e+01,0.000000000000000000e+00
7.057679308269847240e+01,0.000000000000000000e+00
6.763849880937797820e+01,0.000000000000000000e+00
6.814908773943972164e+01,0.000000000000000000e+00
6.836522727638595143e+01,0.000000000000000000e+00
6.650888994624430950e+01,0.000000000000000000e+00
7.856537641734507815e+01,0.000000000000000000e+00
7.749328883533135581e+01,0.000000000000000000e+00
7.759788223838502574e+01,0.000000000000000000e+00
7.721835027110742544e+01,0.000000000000000000e+00
7.743049635783472695e+01,0.000000000000000000e+00
8.019022106249553872e+01,0.000000000000000000e+00
7.609219667061415748e+01,0.000000000000000000e+00
7.967183277423914944e+01,0.000000000000000000e+00
7.727815452574000687e+01,0.000000000000000000e+00
7.540126036166269330e+01,0.000000000000000000e+00
7.551674566492373231e+01,0.000000000000000000e+00
7.690913495635773245e+01,0.000000000000000000e+00
7.975071053150290368e+01,0.000000000000000000e+00
7.440991217784646494e+01,0.000000000000000000e+00
7.790760728465360785e+01,0.000000000000000000e+00
7.996127244437329296e+01,0.000000000000000000e+00
7.838016039830179693e+01,0.000000000000000000e+00
7.934676541326447818e+01,0.000000000000000000e+00
8.137900385831710537e+01,0.000000000000000000e+00
7.902774634762739936e+01,0.000000000000000000e+00
7.806084474826531050e+01,0.000000000000000000e+00
7.722584476047944690e+01,0.000000000000000000e+00
8.337966515489353014e+01,0.000000000000000000e+00
7.869276881005701796e+01,0.000000000000000000e+00
7.868429031902410031e+01,0.000000000000000000e+00
7.891252503374430205e+01,0.000000000000000000e+00
8.060136660367528805e+01,0.000000000000000000e+00
7.892442086326288120e+01,0.000000000000000000e+00
7.923799485213859839e+01,0.000000000000000000e+00
8.235673665982209002e+01,0.000000000000000000e+00
8.009472333373042829e+01,0.000000000000000000e+00
8.005662820755583198e+01,0.000000000000000000e+00
7.811032185063132260e+01,0.000000000000000000e+00
8.134499433420306502e+01,0.000000000000000000e+00
8.218690260520973823e+01,0.000000000000000000e+00
7.901182095376799452e+01,0.000000000000000000e+00
8.088763431175972585e+01,0.000000000000000000e+00
7.935597213511785242e+01,0.000000000000000000e+00
7.754636706461147355e+01,0.000000000000000000e+00
8.323446521815290566e+01,0.000000000000000000e+00
8.104740360942606969e+01,0.000000000000000000e+00
8.162165220487844408e+01,0.000000000000000000e+00
7.937453225815731628e+01,0.000000000000000000e+00
8.115346454731881920e+01,0.000000000000000000e+00
8.297862709715334972e+01,0.000000000000000000e+00
8.176003044474957449e+01,0.000000000000000000e+00
7.895510931864994575e+01,0.000000000000000000e+00
7.981777448504161043e+01,0.000000000000000000e+00
7.709078559724483171e+01,0.000000000000000000e+00
7.840831865082896002e+01,0.000000000000000000e+00
7.412508565762018975e+01,0.000000000000000000e+00
7.955843218436095299e+01,0.000000000000000000e+00
8.033308008040229709e+01,0.000000000000000000e+00
7.410951989892207337e+01,0.000000000000000000e+00
7.971400378189963476e+01,0.000000000000000000e+00
8.341254637522163762e+01,0.000000000000000000e+00
7.821389194335895922e+01,0.000000000000000000e+00
7.715076041738318224e+01,0.000000000000000000e+00
8.302767373134423678e+01,0.000000000000000000e+00
8.151719995949980557e+01,0.000000000000000000e+00
8.045646530394078866e+01,0.000000000000000000e+00
8.268652810993491187e+01,0.000000000000000000e+00
8.105122422557342077e+01,0.000000000000000000e+00
8.193875065407222280e+01,0.000000000000000000e+00
8.113407153120503779e+01,0.000000000000000000e+00
7.923360605494396225e+01,0.000000000000000000e+00
7.740463215305200606e+01,0.000000000000000000e+00
8.056158440220809780e+01,0.000000000000000000e+00
8.167446226099499995e+01,0.000000000000000000e+00
7.767801528468106653e+01,0.000000000000000000e+00
8.094408322565811886e+01,0.000000000000000000e+00
8.123759314987060520e+01,0.000000000000000000e+00
8.215456718154231908e+01,0.000000000000000000e+00
8.072464615271400135e+01,0.000000000000000000e+00
8.062433170824593276e+01,0.000000000000000000e+00
8.114026285745416089e+01,0.000000000000000000e+00
8.052663053571012597e+01,0.000000000000000000e+00
8.290802264858575654e+01,0.000000000000000000e+00
8.018115848632461962e+01,0.000000000000000000e+00
8.161479920193291093e+01,0.000000000000000000e+00
8.039149002139845379e+01,0.000000000000000000e+00
8.131534373119551162e+01,0.000000000000000000e+00
7.839536662859295291e+01,0.000000000000000000e+00
8.142978568510012849e+01,0.000000000000000000e+00
8.198596099229861522e+01,0.000000000000000000e+00
7.955767734323774221e+01,0.000000000000000000e+00
7.840248334753681547e+01,0.000000000000000000e+00
8.198631383810410966e+01,0.000000000000000000e+00
7.798052794989173719e+01,0.000000000000000000e+00
7.802572375791858406e+01,0.000000000000000000e+00
7.955237820268652627e+01,0.000000000000000000e+00
8.132230069856120735e+01,0.000000000000000000e+00
8.242370710368057019e+01,0.000000000000000000e+00
7.962791414839965398e+01,0.000000000000000000e+00
7.683504342892037187e+01,0.000000000000000000e+00
8.267622488727700159e+01,0.000000000000000000e+00
3.582124064566815491e+01,0.000000000000000000e+00
3.078074460590207195e+01,0.000000000000000000e+00
3.051061799354802773e+01,0.000000000000000000e+00
3.355166198403972544e+01,0.000000000000000000e+00
3.412845378970048671e+01,0.000000000000000000e+00
3.141595736578681297e+01,0.000000000000000000e+00
3.300439561994716797e+01,0.000000000000000000e+00
3.396010106124566619e+01,0.000000000000000000e+00
3.279017910765556110e+01,0.000000000000000000e+00
3.168603288503837234e+01,0.000000000000000000e+00
3.212892533019119412e+01,0.000000000000000000e+00
3.437914649313518822e+01,0.000000000000000000e+00
1.992628465825444906e+01,0.000000000000000000e+00
2.138173617114262726e+01,0.000000000000000000e+00
1.981399827006906023e+01,0.000000000000000000e+00
2.171138948949433711e+01,0.000000000000000000e+00
2.446793851585387358e+01,0.000000000000000000e+00
2.296031524977043503e+01,0.000000000000000000e+00
2.280217317990050319e+01,0.000000000000000000e+00
2.079379467464567455e+01,0.000000000000000000e+00
2.399259254772699634e+01,0.000000000000000000e+00
2.254550421605757649e+01,0.000000000000000000e+00
2.438916342891084099e+01,0.000000000000000000e+00
2.460604396506415625e+01,0.000000000000000000e+00
2.051630039831140451e+01,0.000000000000000000e+00
2.098405333596622313e+01,0.000000000000000000e+00
2.171966407749481931e+01,0.000000000000000000e+00
2.442030638604936854e+01,0.000000000000000000e+00
2.185664699966297775e+01,0.000000000000000000e+00
2.065434025643390115e+01,0.000000000000000000e+00
2.155422112470517959e+01,0.000000000000000000e+00
2.073871079505907744e+01,0.000000000000000000e+00
2.117738188544264233e+01,0.000000000000000000e+00
2.227512486776071654e+01,0.000000000000000000e+00
2.350905316915113374e+01,0.000000000000000000e+00
1.969893103223014563e+01,0.000000000000000000e+00
2.165653625733652987e+01,0.000000000000000000e+00
2.040933142384098886e+01,0.000000000000000000e+00
2.236510745178443216e+01,0.000000000000000000e+00
1.729266206139448769e+01,0.000000000000000000e+00
2.095475332844663896e+01,0.000000000000000000e+00
1.990679744352542713e+01,0.000000000000000000e+00
2.362339104588409811e+01,0.000000000000000000e+00
2.175640481084328925e+01,0.000000000000000000e+00
1.768660121577309496e+01,0.000000000000000000e+00
2.109173802920542329e+01,0.000000000000000000e+00
2.087720413339674863e+01,0.000000000000000000e+00
1.983983788519622848e+01,0.000000000000000000e+00
2.037861378934062273e+01,0.000000000000000000e+00
1.848139266435481787e+01,0.000000000000000000e+00
1.882882120402488724e+01,0.000000000000000000e+00
2.024832889989676943e+01,0.000000000000000000e+00
2.158715759379674637e+01,0.000000000000000000e+00
2.105154008678968225e+01,0.000000000000000000e+00
1.832518144808462068e+01,0.000000000000000000e+00
1.772297990020632241e+01,0.000000000000000000e+00
1.916183327148243976e+01,0.000000000000000000e+00
2.184599321637447744e+01,0.000000000000000000e+00
1.722472025956538744e+01,0.000000000000000000e+00
1.650957936660449832e+01,0.000000000000000000e+00
2.256977266821921546e+01,0.000000000000000000e+00
2.052059192771210405e+01,0.000000000000000000e+00
1.973876574969665398e+01,0.000000000000000000e+00
2.116936383703158597e+01,0.000000000000000000e+00
2.330792840651318798e+01,0.000000000000000000e+00
1.878157891078389596e+01,0.000000000000000000e+00
2.230584071434685711e+01,0.000000000000000000e+00
1.862494266042305213e+01,0.000000000000000000e+00
1.850183746986400024e+01,0.000000000000000000e+00
1.815001409303587110e+01,0.000000000000000000e+00
1.913032485151270734e+01,0.000000000000000000e+00
2.176315006469303270e+01,0.000000000000000000e+00
